-45.6932	357.8902	2551.8146
-45.0758	358.7275	2549.5415
-45.6932	357.8902	2551.8146
-45.0781	354.0925	2549.5677
-45.0801	350.0369	2549.5906
-45.7008	342.8128	2551.9001
-45.7460	337.3230	2554.2943
-43.8176	332.3327	2542.8198
-44.4721	334.0931	2547.4165
-45.7460	337.3230	2554.2943
-43.2111	318.7561	2540.6443
-43.0575	307.8159	2531.3802
-43.0587	305.5147	2531.3932
-43.0603	302.0628	2531.4127
-43.0629	296.8850	2531.4420
-43.1038	294.2762	2533.7821
-42.4571	288.5729	2529.2571
-42.4597	283.3993	2529.2864
-42.5011	278.4790	2531.6356
-42.5030	274.4514	2531.6585
-42.5035	273.3006	2531.6651
-42.4685	265.0037	2529.3909
-42.4704	260.9794	2529.4138
-25.7516	218.3357	2408.2774
-25.7290	218.6936	2406.1736
-25.7516	218.3357	2408.2774
-25.2315	215.2416	2410.4824
-25.2317	214.6936	2410.4854
-25.1263	204.4915	2400.0490
-25.6908	203.5726	2402.0624
-29.0966	200.2217	2414.2019
-43.0752	187.9530	2529.7433
-43.0773	183.3525	2529.7699
-43.1210	174.3100	2532.1441
-43.0812	174.7263	2529.8198
-43.0836	169.5504	2529.8497
-28.6580	128.6521	2421.0387
-28.0415	120.0827	2414.8090
-28.0676	116.3409	2416.9464
-28.6654	111.0373	2421.1364
-28.6661	109.3859	2421.1456
-28.6440	102.1401	2419.0619
-28.6458	97.7398	2419.0864
-28.6474	93.8896	2419.1078
-28.6499	87.8390	2419.1415
-28.6255	86.1134	2417.0307
-28.6517	83.4385	2419.1661
-29.2318	62.0380	2421.3262
-28.6597	63.6352	2419.2769
-29.2590	58.2351	2423.4754
-29.2329	59.2851	2421.3417
-29.2089	55.3821	2419.2394
-29.2111	49.8808	2419.2703
-29.2122	47.1301	2419.2858
-28.6693	39.4289	2419.4129
-29.2166	36.1269	2419.3478
-29.1693	26.7261	2415.1631
-29.2703	29.5774	2423.6370
-29.2241	16.8701	2419.4566
-29.1723	19.0366	2415.2065
-29.2005	11.9071	2417.3639
-29.2022	7.5091	2417.3888
-29.2039	3.1109	2417.4137
-29.8029	-0.7378	2421.5970
-29.2072	-5.6856	2417.4637
-29.7552	-12.2833	2417.4174
-29.7810	-11.7430	2419.5351
-29.7864	-26.0507	2419.6167
-29.7868	-27.1513	2419.6230
-29.7625	-31.5272	2417.5271
-29.7641	-35.9260	2417.5522
-29.7921	-41.4600	2419.7049
-29.7933	-44.7621	2419.7238
-30.3412	-49.7148	2419.6683
-29.7456	-56.2236	2415.5511
-29.7713	-55.7218	2417.6656
-30.3460	-62.9238	2419.7442
-30.4013	-69.0969	2424.0329
-29.7493	-66.6630	2415.6110
-30.2986	-78.2009	2415.5936
-30.3007	-84.2452	2415.6285
-30.3275	-85.4176	2417.7528
-30.3009	-84.7947	2415.6316
-30.3070	-102.3792	2415.7333
-30.8798	-104.6659	2417.7802
-30.8819	-110.7161	2417.8153
-30.8829	-113.4663	2417.8313
-30.2855	-116.5672	2413.7015
-30.8861	-122.8170	2417.8857
-30.8874	-126.6674	2417.9081
-30.8879	-128.3176	2417.9177
-30.8915	-138.7692	2417.9787
-30.8918	-139.8694	2417.9851
-30.8944	-147.5709	2418.0301
-31.4682	-149.8985	2420.0811
-30.8703	-156.2380	2415.9630
-30.8716	-160.0857	2415.9856
-30.8734	-165.5825	2416.0178
-31.4475	-170.6744	2418.0816
-31.4484	-173.4253	2418.0978
-31.4498	-177.8267	2418.1236
-30.8787	-182.0737	2416.1146
-31.4528	-187.1801	2418.1787
-31.4535	-189.3809	2418.1917
-31.4278	-194.7148	2416.1053
-32.0019	-198.1815	2418.1597
-31.4306	-203.5110	2416.1572
-32.0048	-207.5355	2418.2150
-32.0067	-213.5884	2418.2508
-32.0077	-216.8900	2418.2704
-32.0092	-221.8426	2418.2998
-31.9819	-223.8501	2416.1937
-31.9841	-230.9979	2416.2361
-32.0119	-230.6474	2418.3521
-32.0155	-242.7546	2418.4242
-31.9624	-251.6750	2414.2447
-32.5663	-260.3622	2418.4453
-31.9668	-267.0591	2414.3366
-32.5699	-273.0213	2418.5211
-33.1174	-279.6219	2418.4766
-49.6401	-314.5675	2536.4512
-49.6410	-317.4540	2536.4695
-49.5972	-322.3571	2534.1725
-49.5984	-326.3948	2534.1981
-49.5559	-335.3197	2531.9308
-50.8384	-341.4238	2538.7742
-50.1762	-347.7321	2534.2440
-50.1769	-350.0396	2534.2587
-50.1789	-356.3852	2534.2992
-50.1799	-359.8465	2534.3213
-50.8450	-362.8066	2538.9109
-50.1812	-363.8849	2534.3471
-50.7567	-378.3017	2534.3494
-51.3764	-383.8361	2536.6231
-51.4245	-387.0752	2538.9764
-50.7604	-390.9947	2534.4308
-51.3339	-399.0657	2534.3927
-51.3344	-400.7967	2534.4038
-51.3361	-406.5667	2534.4409
-51.9565	-412.7046	2536.7187
-51.3376	-411.7598	2534.4744
-51.9112	-420.4082	2534.4401
-51.9119	-422.7164	2534.4550
-51.9613	-429.4539	2536.8269
-52.5827	-435.0403	2539.1054
-51.9621	-432.3419	2536.8456
-52.5830	-436.1965	2539.1129
-45.0758	358.7275	2549.5415
-45.6932	357.8902	2551.8146
-45.0758	358.7275	2549.5415
-45.0775	355.2513	2549.5611
-45.0787	352.9338	2549.5742
-45.0810	348.2988	2549.6005
-45.7460	337.3230	2554.2943
-45.7025	339.3332	2551.9198
-43.8176	332.3327	2542.8198
-42.6764	321.3649	2543.0609
-42.6767	320.7870	2543.0642
-43.1717	317.8884	2538.3114
-43.0575	307.8159	2531.3802
-43.0198	304.0873	2529.0802
-43.0609	300.9122	2531.4192
-43.1029	296.0038	2533.7723
-43.1038	294.2762	2533.7821
-42.4194	286.0134	2526.9546
-42.5002	280.2052	2531.6258
-42.5016	277.3283	2531.6422
-42.5033	273.8760	2531.6618
-42.4682	265.5786	2529.3877
-42.4691	263.8539	2529.3975
-42.4704	260.9794	2529.4138
-43.0799	261.7877	2531.6414
-25.7290	218.6936	2406.1736
-25.7516	218.3357	2408.2774
-25.2317	214.6936	2410.4854
-25.1902	208.8519	2406.3097
-25.6908	203.5726	2402.0624
-29.0966	200.2217	2414.2019
-25.6908	203.5726	2402.0624
-43.0329	194.1018	2527.3903
-43.0757	186.8029	2529.7500
-43.0778	182.2024	2529.7765
-43.0799	177.6017	2529.8031
-43.0828	171.2757	2529.8397
-43.0836	169.5504	2529.8497
-28.6580	128.6521	2421.0387
-28.0415	120.0827	2414.8090
-28.6647	112.6888	2421.1272
-28.6412	108.7403	2419.0252
-28.6431	104.3402	2419.0496
-28.6447	100.4900	2419.0711
-28.6465	96.0897	2419.0956
-28.6483	91.6894	2419.1201
-28.6747	88.4665	2421.2621
-28.6269	82.8159	2417.0491
-28.6517	83.4385	2419.1661
-28.6597	63.6352	2419.2769
-29.2590	58.2351	2423.4754
-29.2318	62.0380	2421.3262
-29.2089	55.3821	2419.2394
-29.2094	54.2819	2419.2456
-29.2356	52.6779	2421.3788
-28.6693	39.4289	2419.4129
-28.6454	36.6455	2417.3079
-28.6467	33.3473	2417.3265
-29.2198	27.8742	2419.3943
-29.2215	23.4726	2419.4192
-29.1723	19.0366	2415.2065
-29.2269	9.7172	2419.4971
-29.2288	4.7650	2419.5252
-29.2045	1.4616	2417.4231
-29.2060	-2.3869	2417.4449
-29.2076	-6.7852	2417.4699
-29.7808	-11.1928	2419.5320
-29.7810	-11.7430	2419.5351
-29.7864	-26.0507	2419.6167
-29.7872	-28.2520	2419.6293
-29.7629	-32.6269	2417.5334
-29.7921	-41.4600	2419.7049
-29.7671	-44.1740	2417.5994
-29.7693	-50.2228	2417.6341
-29.7709	-54.6220	2417.6593
-30.3187	-60.6703	2417.6102
-30.3462	-63.4742	2419.7474
-29.7493	-66.6630	2415.6110
-30.2972	-74.3546	2415.5715
-30.2980	-76.5525	2415.5841
-30.2993	-80.3988	2415.6063
-30.3275	-85.4176	2417.7528
-30.3009	-84.7947	2415.6316
-30.3070	-102.3792	2415.7333
-30.9072	-105.8571	2419.9083
-30.3093	-108.9737	2415.7715
-30.8834	-115.1164	2417.8409
-30.8848	-118.9666	2417.8633
-30.8863	-123.3670	2417.8889
-30.8879	-128.3176	2417.9177
-30.8915	-138.7692	2417.9787
-30.8918	-139.8694	2417.9851
-30.8944	-147.5709	2418.0301
-31.4682	-149.8985	2420.0811
-30.8967	-154.7225	2418.0720
-30.8707	-157.3373	2415.9695
-30.8993	-162.4245	2418.1171
-30.8737	-166.6818	2416.0242
-31.4477	-171.2246	2418.0848
-30.8475	-168.7350	2413.9221
-30.8787	-182.0737	2416.1146
-31.4520	-184.4290	2418.1625
-31.4532	-188.2805	2418.1852
-32.0010	-195.4303	2418.1434
-30.8554	-193.4512	2414.0673
-31.4297	-200.7622	2416.1410
-31.4311	-205.1603	2416.1669
-31.4050	-209.3777	2414.0775
-32.0072	-215.2392	2418.2606
-32.0089	-220.7420	2418.2933
-32.0092	-221.8426	2418.2998
-32.0110	-227.8958	2418.3357
-31.9841	-230.9979	2416.2361
-32.0155	-242.7546	2418.4242
-31.9867	-239.7954	2416.2885
-31.9880	-244.1943	2416.3146
-31.9895	-249.1432	2416.3441
-31.9629	-253.3233	2414.2546
-31.9642	-257.7187	2414.2808
-31.9668	-267.0591	2414.3366
-31.9670	-267.6086	2414.3398
-33.1174	-279.6219	2418.4766
-49.6408	-316.8767	2536.4659
-49.5966	-320.6268	2534.1615
-49.5972	-322.3571	2534.1725
-50.2167	-330.1497	2536.4602
-50.2176	-333.0365	2536.4786
-50.7914	-339.9590	2536.4326
-50.1736	-339.0794	2534.1889
-50.1762	-347.7321	2534.2440
-50.1773	-351.1933	2534.2661
-50.8430	-356.4494	2538.8702
-50.7980	-361.3222	2536.5690
-50.1812	-363.8849	2534.3471
-50.7567	-378.3017	2534.3494
-50.7572	-380.0325	2534.3605
-51.4719	-388.0061	2541.3190
-50.7601	-389.8407	2534.4234
-50.7604	-390.9947	2534.4308
-51.3339	-399.0657	2534.3927
-51.3358	-405.4127	2534.4335
-51.3840	-409.8238	2536.7902
-51.3376	-411.7598	2534.4744
-51.9109	-419.2541	2534.4326
-51.9117	-422.1393	2534.4512
-51.9605	-426.5660	2536.8082
-52.5822	-433.3060	2539.0942
-51.9621	-432.3419	2536.8456
-52.5830	-436.1965	2539.1129
-45.0758	358.7275	2549.5415
-45.6932	357.8902	2551.8146
-45.0758	358.7275	2549.5415
-45.6932	357.8902	2551.8146
-45.0781	354.0925	2549.5677
-45.0801	350.0369	2549.5906
-45.7008	342.8128	2551.9001
-45.7014	341.6529	2551.9067
-45.7034	337.5934	2551.9297
-43.2051	330.8806	2540.5756
-42.5954	325.9700	2538.3550
-45.1287	336.4398	2552.0265
-43.1717	317.8884	2538.3114
-43.0575	307.8159	2531.3802
-43.0198	304.0873	2529.0802
-43.0201	303.5125	2529.0834
-43.1029	296.0038	2533.7723
-43.1038	294.2762	2533.7821
-43.0671	288.2549	2531.4910
-42.4594	283.9742	2529.2832
-42.5005	279.6298	2531.6291
-42.5022	276.1775	2531.6487
-42.5035	273.3006	2531.6651
-42.4688	264.4288	2529.3942
-42.4704	260.9794	2529.4138
-25.7516	218.3357	2408.2774
-25.7290	218.6936	2406.1736
-25.2313	215.7895	2410.4795
-25.2317	214.6936	2410.4854
-25.1263	204.4915	2400.0490
-25.6908	203.5726	2402.0624
-43.0752	187.9530	2529.7433
-43.0770	183.9276	2529.7666
-43.1210	174.3100	2532.1441
-43.0836	169.5504	2529.8497
-28.6580	128.6521	2421.0387
-28.6598	124.2485	2421.0631
-28.6116	119.6357	2416.8445
-28.0676	116.3409	2416.9464
-28.6652	111.5878	2421.1333
-28.6661	109.3859	2421.1456
-28.6438	102.6901	2419.0588
-28.6456	98.2899	2419.0833
-28.6474	93.8896	2419.1078
-28.6740	90.1181	2421.2529
-28.6747	88.4665	2421.2621
-28.6517	83.4385	2419.1661
-29.2318	62.0380	2421.3262
-28.6601	62.5350	2419.2831
-29.2089	55.3821	2419.2394
-29.2356	52.6779	2421.3788
-29.2122	47.1301	2419.2858
-28.6693	39.4289	2419.4129
-29.2166	36.1269	2419.3478
-28.6467	33.3473	2417.3265
-29.1693	26.7261	2415.1631
-29.1695	26.1769	2415.1662
-29.2215	23.4726	2419.4192
-29.1984	17.4046	2417.3328
-29.1723	19.0366	2415.2065
-29.2271	9.1670	2419.5002
-29.2292	3.6645	2419.5314
-29.8029	-0.7378	2421.5970
-29.2070	-5.1358	2417.4606
-29.2079	-7.3350	2417.4731
-29.7552	-12.2833	2417.4174
-29.7810	-11.7430	2419.5351
-29.7864	-26.0507	2419.6167
-29.7868	-27.1513	2419.6230
-29.7623	-30.9773	2417.5239
-29.7639	-35.3761	2417.5491
-29.7921	-41.4600	2419.7049
-29.7933	-44.7621	2419.7238
64.0233	185.0700	2346.7998
40.8830	350.8427	2592.1873
40.3339	352.3402	2594.5307
40.8830	350.8427	2592.1873
40.8819	346.1431	2592.2140
40.2937	340.2656	2592.1812
40.2935	339.6781	2592.1845
64.0233	185.0700	2346.7998
64.0231	184.5379	2346.8026
63.6519	182.3347	2352.7166
53.8247	156.1402	2515.2027
53.0088	152.1053	2477.1531
53.0363	81.1028	2453.5631
53.0831	80.6175	2455.7325
53.1286	72.8857	2457.9453
53.1275	66.7547	2457.9789
53.0802	65.0250	2455.8178
53.0791	59.4560	2455.8482
53.0783	55.0008	2455.8726
52.5666	46.1303	2458.0299
52.5198	44.4185	2455.8686
52.0551	42.8233	2460.1603
48.8819	32.8954	2468.5749
52.4156	-19.0484	2451.8867
52.5080	-21.3088	2456.2298
52.4156	-19.0484	2451.8867
52.9710	-20.1605	2451.9548
52.5533	-28.5753	2458.4408
52.5523	-34.1513	2458.4715
52.5519	-36.3817	2458.4838
52.9679	-38.5131	2452.0557
53.0137	-44.6692	2454.2531
53.0129	-49.1226	2454.2777
51.5255	-57.1125	2462.8277
52.5021	-55.8507	2456.4203
53.0120	-54.6893	2454.3084
48.8203	-66.7239	2466.9370
52.3065	-118.4076	2448.1187
52.4452	-119.8295	2454.6069
52.3065	-118.4076	2448.1187
52.3526	-119.0660	2450.2787
52.5379	-121.7113	2458.9562
52.0260	-126.8413	2461.0980
51.8414	-130.2957	2452.4392
51.8413	-130.8521	2452.4423
51.8865	-135.4206	2454.6315
51.2837	-142.5353	2452.4452
51.7933	-145.1920	2450.3617
51.8383	-150.3257	2452.5504
50.8159	-155.6020	2456.7874
48.5872	-168.4183	2456.6091
48.6738	-167.0369	2460.9482
48.5871	-168.9758	2456.6122
50.0729	-214.5014	2448.4046
49.6933	-218.0353	2457.0115
50.0729	-214.5014	2448.4046
50.1169	-216.3560	2450.5717
49.6041	-226.5610	2452.7270
49.6037	-228.7873	2452.7395
49.0909	-232.8846	2454.8643
49.6025	-237.6928	2452.7893
49.0461	-242.1442	2452.7519
49.5573	-247.4965	2450.6836
48.5319	-252.9385	2454.9143
48.4884	-256.6148	2452.7705
48.4883	-257.1714	2452.7737
48.9993	-267.5168	2450.7335
48.4868	-268.8612	2452.8393
48.0155	-273.2319	2457.1339
35.7199	-303.9949	2571.4888
35.2014	-315.0737	2576.2472
35.1682	-318.2909	2573.8844
35.1673	-324.1329	2573.9190
35.1670	-326.4698	2573.9328
35.2314	-334.6766	2578.7494
35.2310	-337.0178	2578.7633
34.6136	-345.4789	2576.3610
34.6134	-346.6485	2576.3679
34.6127	-351.9117	2576.3991
34.5797	-357.4329	2574.0499
34.6113	-361.2689	2576.4547
34.5784	-366.1974	2574.1019
34.5780	-369.1190	2574.1193
34.6095	-374.7206	2576.5346
34.0255	-379.3969	2576.4960
34.0564	-385.5987	2578.9192
34.0241	-389.3400	2576.5551
34.5420	-397.3891	2571.9095
33.4701	-403.1594	2578.9574
33.4695	-407.8432	2578.9853
34.0212	-410.9825	2576.6840
34.0206	-415.0773	2576.7084
34.0200	-420.3421	2576.7398
33.4668	-427.7505	2579.1041
33.4351	-432.0389	2576.7432
33.4346	-435.5490	2576.7641
33.4341	-439.6442	2576.7886
33.4335	-444.3244	2576.8165
40.8830	350.8427	2592.1873
40.3339	352.3402	2594.5307
40.8830	350.8427	2592.1873
40.8819	346.1431	2592.2140
40.2938	340.8530	2592.1779
39.7440	341.7534	2594.5246
39.7812	342.6584	2596.9420
40.2935	339.6781	2592.1845
64.0233	185.0700	2346.7998
64.0771	183.6278	2348.7911
63.6519	182.3347	2352.7166
53.8247	156.1402	2515.2027
53.0088	152.1053	2477.1531
53.0363	81.1028	2453.5631
53.0831	80.6175	2455.7325
53.0363	81.1028	2453.5631
53.0831	80.6175	2455.7325
53.0830	80.0606	2455.7355
53.1286	72.8857	2457.9453
53.1283	71.2136	2457.9545
53.0804	66.1388	2455.8117
53.1264	61.1809	2458.0094
53.1263	60.6235	2458.0124
53.0780	53.3300	2455.8818
53.0772	48.8746	2455.9062
52.5198	44.4185	2455.8686
52.0092	43.9000	2457.9800
48.8819	32.8954	2468.5749
52.4156	-19.0484	2451.8867
52.5080	-21.3088	2456.2298
52.4618	-19.6210	2454.0533
52.4156	-19.0484	2451.8867
53.0170	-25.1870	2454.1458
52.5064	-30.2223	2456.2789
52.5523	-34.1513	2458.4715
53.0148	-37.9894	2454.2163
52.9679	-38.5131	2452.0557
53.0132	-47.4526	2454.2685
53.0126	-51.3493	2454.2900
51.5255	-57.1125	2462.8277
53.0120	-54.6893	2454.3084
51.9913	-56.4564	2458.5327
53.0120	-54.6893	2454.3084
48.8203	-66.7239	2466.9370
52.3065	-118.4076	2448.1187
52.4452	-119.8295	2454.6069
52.4916	-120.4909	2456.7781
52.3526	-119.0660	2450.2787
52.4452	-119.8295	2454.6069
52.5379	-121.7113	2458.9562
51.9340	-125.5062	2456.7441
51.8414	-130.2957	2452.4392
51.8413	-130.8521	2452.4423
51.3750	-140.5538	2456.7657
51.2837	-143.0917	2452.4482
51.7933	-145.1920	2450.3617
51.8383	-150.3257	2452.5504
51.8840	-152.1271	2454.7244
50.8159	-155.6020	2456.7874
48.5872	-168.4183	2456.6091
48.5871	-168.9758	2456.6122
50.0729	-214.5014	2448.4046
50.1171	-215.2439	2450.5655
49.6933	-218.0353	2457.0115
50.1171	-215.2439	2450.5655
50.0729	-214.5014	2448.4046
50.1169	-216.3560	2450.5717
49.6041	-226.5610	2452.7270
49.1778	-234.9651	2459.2158
49.6025	-237.6928	2452.7893
49.0461	-242.7008	2452.7550
49.5573	-247.4965	2450.6836
49.5569	-250.2772	2450.6992
48.4879	-260.5113	2452.7924
48.9993	-267.5168	2450.7335
48.0157	-271.5590	2457.1245
48.0155	-273.2319	2457.1339
48.4860	-274.4280	2452.8706
48.0155	-273.2319	2457.1339
35.7199	-303.9949	2571.4888
35.2349	-310.6801	2578.6073
35.1684	-317.1225	2573.8775
35.2006	-320.9210	2576.2818
35.1671	-325.3014	2573.9259
35.1993	-329.1075	2576.3303
35.2312	-335.8472	2578.7564
35.1651	-339.3229	2574.0089
35.1648	-341.0757	2574.0193
34.6132	-348.4029	2576.3783
34.6123	-354.2510	2576.4130
34.6117	-358.9296	2576.4408
34.5796	-358.0172	2574.0534
34.5784	-366.1974	2574.1019
34.6098	-372.3811	2576.5207
34.6095	-374.7206	2576.5346
34.0251	-381.7364	2576.5099
34.0243	-387.5853	2576.5447
34.0240	-389.9249	2576.5586
34.5420	-397.3891	2571.9095
34.0227	-399.8686	2576.6178
33.5011	-405.2871	2581.3609
34.0213	-409.8126	2576.6770
34.0209	-413.3224	2576.6979
34.0203	-417.4172	2576.7224
34.0200	-420.3421	2576.7398
33.4667	-428.9216	2579.1111
33.9872	-428.7245	2574.4076
33.4337	-442.5693	2576.8061
33.4335	-444.3244	2576.8165
40.3339	352.3402	2594.5307
40.8830	350.8427	2592.1873
40.8819	346.1431	2592.2140
40.2937	340.2656	2592.1812
40.2935	339.6781	2592.1845
39.7812	342.6584	2596.9420
40.2935	339.6781	2592.1845
64.0233	185.0700	2346.7998
64.0770	183.0953	2348.7939
63.6519	182.3347	2352.7166
53.8247	156.1402	2515.2027
53.0088	152.1053	2477.1531
53.0363	81.1028	2453.5631
53.0831	80.6175	2455.7325
53.0363	81.1028	2453.5631
53.0824	77.2763	2455.7508
53.1286	72.8857	2457.9453
53.1281	70.0989	2457.9606
53.1271	64.5252	2457.9911
53.0317	56.6214	2453.6969
53.0783	55.0008	2455.8726
52.5666	46.1303	2458.0299
52.5198	44.4185	2455.8686
52.0092	43.9000	2457.9800
48.8819	32.8954	2468.5749
52.4156	-19.0484	2451.8867
52.5080	-21.3088	2456.2298
52.4156	-19.0484	2451.8867
52.9710	-20.1605	2451.9548
53.0166	-27.4134	2454.1581
52.5063	-30.7794	2456.2820
52.5519	-36.3817	2458.4838
53.0142	-41.8860	2454.2378
52.9679	-38.5131	2452.0557
151.6267	256.8027	2323.1388
151.1975	269.4641	2332.6758
150.6393	274.5897	2340.3725
158.7061	302.4387	2483.1296
156.5702	311.6355	2502.7995
131.5847	369.0528	2636.8196
131.3382	366.5817	2631.8850
131.5847	369.0528	2636.8196
131.4613	368.1138	2634.3484
130.9872	362.4987	2636.8156
131.4619	359.7791	2634.3941
131.4625	351.4440	2634.4399
131.4626	349.0626	2634.4529
131.4628	346.6811	2634.4660
130.3908	337.4704	2636.9131
131.3401	337.4359	2632.0449
151.3234	270.2144	2334.6160
151.4754	263.7553	2328.8620
151.5016	250.8197	2321.2433
151.6526	239.2101	2315.5804
151.3767	242.2248	2319.3637
151.3768	240.6519	2319.3715
151.5280	228.5532	2313.7203
151.5284	222.7994	2313.7486
151.5284	221.2302	2313.7564
151.1281	217.2237	2315.6524
150.6025	211.9887	2315.6418
150.2014	201.1595	2317.5745
150.2014	200.6356	2317.5771
150.3259	197.1296	2319.5135
150.0479	191.1508	2323.3540
149.7691	184.6261	2327.2098
149.0841	176.1171	2332.9927
147.8273	165.4706	2346.5764
138.6584	153.5587	2506.9440
137.3982	143.7953	2504.6794
137.1533	137.8870	2500.2443
136.4644	132.1165	2498.0085
136.4645	129.8571	2498.0204
136.5864	123.1881	2500.2831
136.4648	118.5599	2498.0801
136.4650	113.4760	2498.1070
136.4651	109.5217	2498.1279
136.2225	100.3051	2493.7333
136.4653	102.1780	2498.1667
137.7979	92.3284	2491.6763
138.6823	90.4778	2487.3434
138.6823	89.9153	2487.3464
139.4946	82.7500	2491.8422
139.9359	77.0471	2489.6987
138.6105	65.9629	2496.2895
138.6107	59.7535	2496.3223
138.1673	56.4167	2498.5250
138.6109	51.8504	2496.3640
138.0445	47.3340	2496.3495
138.0445	45.6404	2496.3584
136.9118	34.3491	2496.3409
136.9119	25.3160	2496.3887
136.9120	24.7514	2496.3917
136.3455	20.7991	2496.3737
136.7903	13.4470	2494.2316
136.7903	11.7547	2494.2406
136.7905	-0.0919	2494.3033
136.6690	-9.6747	2492.1379
136.3460	-11.3846	2496.5443
136.6690	-10.2383	2492.1409
136.7909	-26.6079	2494.4438
136.7909	-27.7363	2494.4498
136.7910	-32.2499	2494.4737
136.6694	-39.5506	2492.2962
136.6694	-40.6781	2492.3021
136.6695	-45.1880	2492.3260
136.3465	-49.7846	2496.7481
136.3465	-54.8674	2496.7751
136.2252	-59.8982	2494.5816
136.1041	-67.1754	2492.4039
136.3466	-65.0333	2496.8291
135.6592	-71.7487	2494.6056
135.7801	-76.3296	2496.8503
136.1042	-80.1430	2492.4727
136.1042	-80.7068	2492.4757
135.6593	-89.2426	2494.6986
135.6593	-93.7574	2494.7226
135.6593	-98.8366	2494.7496
135.9833	-105.4242	2490.3943
135.9833	-106.5510	2490.4003
135.9834	-111.0581	2490.4242
135.5387	-116.2307	2492.6255
135.6594	-119.1544	2494.8577
135.4182	-122.8902	2490.4482
135.5388	-132.0205	2492.7095
135.5388	-137.6600	2492.7395
135.2138	-140.1617	2497.1512
135.5388	-144.9915	2492.7786
135.5388	-155.7071	2492.8356
135.0933	-160.9246	2495.0413
134.9731	-164.7318	2492.8447
135.4183	-173.0399	2490.7150
134.9731	-179.9606	2492.9259
134.9731	-185.6012	2492.9560
134.9731	-190.1137	2492.9801
134.9731	-195.1904	2493.0071
134.9731	-199.7031	2493.0312
135.4183	-206.8543	2490.8952
135.5388	-207.5998	2493.1122
135.4183	-206.8543	2490.8952
134.8530	-222.6367	2490.9405
134.9730	-226.7810	2493.1758
134.8530	-231.0916	2490.9856
134.8530	-232.7826	2490.9947
134.4072	-243.1427	2493.2242
134.2876	-250.8215	2491.0520
134.4072	-253.8626	2493.2815
134.2876	-251.3852	2491.0550
134.4071	-261.7617	2493.3238
134.0801	-266.7446	2497.7497
133.9606	-272.7226	2495.5606
133.9605	-274.9816	2495.5728
133.8413	-275.8688	2493.3602
125.2692	-308.2688	2620.5136
125.3864	-313.3023	2622.9892
125.1520	-315.6874	2618.1120
125.1519	-323.3904	2618.1551
125.1519	-325.7606	2618.1684
125.1518	-333.4639	2618.2115
125.1518	-337.0193	2618.2314
125.1517	-342.9451	2618.2646
125.1517	-345.3155	2618.2779
125.1516	-350.0563	2618.3044
124.6742	-356.3121	2620.7423
124.6741	-362.2439	2620.7756
125.1514	-364.8720	2618.3875
125.1514	-369.0205	2618.4107
125.1513	-371.9838	2618.4273
124.6739	-380.0402	2620.8754
124.6738	-384.7860	2620.9021
124.5574	-380.8751	2618.4368
124.5572	-395.0999	2618.5166
124.5571	-396.2853	2618.5233
124.6736	-402.5839	2621.0020
124.6735	-407.3302	2621.0287
124.4405	-416.6471	2616.1986
124.4405	-417.2393	2616.2020
123.9629	-424.1460	2618.6393
124.0788	-431.6577	2621.1251
123.9627	-436.5948	2618.7093
123.9626	-444.8944	2618.7560
123.9625	-450.2300	2618.7860
124.0785	-453.0194	2621.2453
151.1975	269.4641	2332.6758
151.0446	273.8335	2338.4591
150.6393	274.5897	2340.3725
158.7061	302.4387	2483.1296
156.5702	311.6355	2502.7995
131.5847	369.0528	2636.8196
131.3382	366.5817	2631.8850
131.4613	368.1138	2634.3484
131.5847	369.0528	2636.8196
131.3384	364.2026	2631.8981
131.4621	356.2069	2634.4137
131.4625	351.4440	2634.4399
131.7095	353.2929	2639.3871
131.4628	346.6811	2634.4660
131.3401	337.4359	2632.0449
130.3908	337.4704	2636.9131
131.3401	337.4359	2632.0449
150.6393	274.5897	2340.3725
150.9188	272.5508	2336.5152
150.6393	274.5897	2340.3725
151.1978	265.2457	2332.6967
151.6267	256.8027	2323.1388
150.8498	245.8953	2319.3092
151.5021	242.9486	2321.2821
151.6527	237.1162	2315.5907
151.5280	228.5532	2313.7203
151.5280	228.0301	2313.7228
151.5284	222.7994	2313.7486
151.5284	221.2302	2313.7564
150.6025	211.9887	2315.6418
150.7275	203.7793	2317.5982
150.2014	200.6356	2317.5771
150.3259	197.1296	2319.5135
150.0479	191.1508	2323.3540
149.7691	184.6261	2327.2098
149.0841	176.1171	2332.9927
148.1119	168.3738	2342.6747
147.8273	165.4706	2346.5764
138.1643	151.8851	2498.0207
138.6584	153.5587	2506.9440
138.2878	145.8014	2500.2800
137.1533	137.8870	2500.2443
136.4644	132.1165	2498.0085
136.4645	129.8571	2498.0204
136.5863	125.4495	2500.2711
136.4648	120.8194	2498.0682
136.4649	116.3004	2498.0921
136.4650	111.7813	2498.1160
136.4651	108.3920	2498.1339
136.4652	103.3078	2498.1608
136.2225	99.7412	2493.7363
139.0002	88.6336	2482.9872
138.2405	91.1208	2489.5095
139.2470	83.7284	2487.4174
139.4946	82.7500	2491.8422
139.9359	77.0471	2489.6987
138.6105	67.6564	2496.2805
138.6105	65.9629	2496.2895
138.6107	59.1890	2496.3252
138.6108	54.1084	2496.3521
138.6109	51.2859	2496.3670
138.0445	45.6404	2496.3584
137.1559	42.3288	2500.7500
136.9118	34.3491	2496.3409
136.9119	25.3160	2496.3887
136.9120	23.6223	2496.3977
136.3455	19.1053	2496.3827
136.3456	14.5885	2496.4067
136.7903	11.7547	2494.2406
136.7905	-0.0919	2494.3033
136.7906	-2.9127	2494.3182
136.3459	-6.3027	2496.5174
136.6690	-10.2383	2492.1409
136.4677	-19.8716	2498.8133
136.7909	-26.6079	2494.4438
136.9128	-26.0660	2496.6610
136.7910	-32.8142	2494.4767
136.6694	-39.5506	2492.2962
136.6694	-42.3693	2492.3111
136.2251	-46.9202	2494.5127
135.7799	-51.4793	2496.7182
136.3465	-54.8674	2496.7751
136.2252	-59.8982	2494.5816
136.2252	-64.4124	2494.6056
136.3466	-65.0333	2496.8291
135.6592	-73.4416	2494.6146
136.1042	-80.1430	2492.4727
136.1042	-80.7068	2492.4757
135.6593	-90.9356	2494.7076
135.5386	-97.6226	2492.5266
135.5386	-98.1864	2492.5296
135.9833	-105.4242	2490.3943
135.9833	-107.1143	2490.4033
135.9834	-111.0581	2490.4242
135.6594	-118.0256	2494.8517
135.4182	-121.2000	2490.4392
135.4182	-122.8902	2490.4482
135.5388	-130.3287	2492.7005
135.5388	-136.5321	2492.7335
135.5388	-138.2239	2492.7425
135.5388	-143.8635	2492.7726
135.5388	-144.9915	2492.7786
135.5388	-155.7071	2492.8356
135.5388	-156.2711	2492.8386
135.0933	-162.6181	2495.0503
134.9731	-166.4238	2492.8538
135.4183	-173.0399	2490.7150
134.9731	-179.3966	2492.9229
135.0933	-184.0703	2495.1647
134.9731	-188.9855	2492.9741
134.9731	-191.8059	2492.9891
134.9731	-195.1904	2493.0071
134.9731	-201.3953	2493.0403
135.4183	-206.8543	2490.8952
134.8530	-222.6367	2490.9405
135.0933	-221.8982	2495.3667
134.9730	-227.9093	2493.1818
134.8530	-231.0916	2490.9856
134.8530	-232.7826	2490.9947
134.4072	-241.4502	2493.2152
134.4072	-245.3995	2493.2363
134.4072	-250.4773	2493.2634
134.4072	-254.9910	2493.2876
134.2876	-251.3852	2491.0550
133.9606	-263.6866	2495.5123
134.0801	-266.7446	2497.7497
133.9606	-273.8521	2495.5667
133.8413	-275.8688	2493.3602
125.2692	-310.0479	2620.5235
125.1520	-315.6874	2618.1120
125.1519	-323.9829	2618.1585
125.1519	-325.7606	2618.1684
125.2689	-333.1784	2620.6530
125.0349	-336.1169	2615.7877
125.1516	-348.2785	2618.2945
125.1516	-351.2416	2618.3111
124.6742	-358.6848	2620.7556
125.1515	-361.3162	2618.3675
125.1514	-364.8720	2618.3875
125.1513	-370.2058	2618.4174
124.6739	-376.4808	2620.8554
124.1957	-379.2049	2623.2781
124.5574	-380.8751	2618.4368
124.5572	-395.0999	2618.5166
124.6736	-400.2108	2620.9887
124.1953	-408.3016	2623.4417
124.0791	-409.7046	2621.0016
124.4405	-416.6471	2616.1986
124.4405	-417.2393	2616.2020
123.9629	-424.1460	2618.6393
124.1950	-429.6810	2623.5620
123.9627	-436.5948	2618.7093
123.9626	-442.5231	2618.7426
123.9626	-445.4873	2618.7593
124.0785	-453.0194	2621.2453
123.9625	-450.8229	2618.7893
124.0785	-453.0194	2621.2453
151.1975	269.4641	2332.6758
150.6393	274.5897	2340.3725
158.7061	302.4387	2483.1296
158.4226	304.0949	2487.4870
131.5847	369.0528	2636.8196
131.4613	368.1138	2634.3484
131.5847	369.0528	2636.8196
131.4613	368.1138	2634.3484
130.9872	362.4987	2636.8156
131.3384	364.2026	2631.8981
131.4622	355.6116	2634.4170
131.4625	350.2533	2634.4464
131.4628	346.6811	2634.4660
130.3908	337.4704	2636.9131
131.3401	337.4359	2632.0449
151.1975	269.4641	2332.6758
151.3234	270.2144	2334.6160
151.4754	263.7553	2328.8620
151.1978	265.2457	2332.6967
151.5016	250.8197	2321.2433
150.8498	245.8953	2319.3092
151.6526	239.2101	2315.5804
151.2517	239.9305	2317.4562
151.5280	228.5532	2313.7203
151.5284	222.7994	2313.7486
151.5284	222.2763	2313.7512
151.1281	217.2237	2315.6524
150.6024	214.0828	2315.6314
150.6025	211.9887	2315.6418
150.2014	201.1595	2317.5745
150.2014	200.6356	2317.5771
150.3259	197.1296	2319.5135
150.0479	191.1508	2323.3540
149.7691	184.6261	2327.2098
149.0841	176.1171	2332.9927
148.8022	174.8239	2336.8543
148.1119	168.3738	2342.6747
147.8273	165.4706	2346.5764
146.0196	160.0361	2360.2551
138.1644	149.6259	2498.0326
137.3982	143.7953	2504.6794
137.3983	140.9637	2504.6944
136.4644	132.1165	2498.0085
136.4645	129.8571	2498.0204
136.5864	123.1881	2500.2831
136.4648	118.5599	2498.0801
136.4650	114.0409	2498.1040
136.4651	110.0866	2498.1249
136.3438	101.5229	2495.9466
136.3438	100.9585	2495.9496
137.7979	92.3284	2491.6763
139.0002	88.6336	2482.9872
138.2405	91.1208	2489.5095
139.7430	82.3327	2496.2795
139.9359	77.0471	2489.6987
139.6189	76.6200	2494.0902
139.9359	77.0471	2489.6987
138.6105	65.9629	2496.2895
138.6107	59.7535	2496.3223
138.6107	58.6245	2496.3282
138.6109	52.4149	2496.3610
138.0445	47.8986	2496.3465
138.0445	45.6404	2496.3584
137.0338	36.6403	2498.5525
137.1560	37.2389	2500.7769
136.9118	34.3491	2496.3409
136.9119	25.3160	2496.3887
136.3455	20.7991	2496.3737
136.7903	13.4470	2494.2316
136.3457	11.2009	2496.4246
136.7903	11.7547	2494.2406
136.7905	-0.0919	2494.3033
136.6690	-9.6747	2492.1379
136.6690	-10.2383	2492.1409
136.7908	-17.0167	2494.3930
136.7909	-26.6079	2494.4438
136.7909	-27.1721	2494.4468
136.7910	-31.6857	2494.4707
136.6694	-39.5506	2492.2962
136.6694	-40.1144	2492.2992
136.6695	-45.1880	2492.3260
136.2251	-50.8700	2494.5337
231.2522	256.9464	2414.3413
231.4936	264.3764	2422.5696
223.8505	373.8756	2678.3158
223.8509	372.6684	2678.3219
224.0660	363.9557	2680.9046
224.0683	357.3094	2680.9386
224.2813	355.8312	2683.4890
223.8589	349.7300	2678.4392
223.6482	346.9894	2675.9198
223.4674	339.7908	2681.0161
224.0760	334.9525	2681.0530
224.2590	332.5104	2676.0061
225.0478	324.6555	2671.0179
224.1731	320.1444	2653.5172
224.8049	321.6404	2660.9971
224.1731	320.1444	2653.5172
231.4936	264.3764	2422.5696
231.6469	260.1085	2418.4583
231.4936	264.3764	2422.5696
231.0568	250.7469	2412.3101
231.2104	245.9772	2408.2361
231.4088	241.8383	2410.3098
231.4093	240.2082	2410.3176
230.6689	231.8637	2408.2888
230.8223	228.7597	2404.2207
230.8229	226.5916	2404.2310
230.4763	219.1905	2406.2988
229.9320	215.3952	2406.3021
230.3250	212.4992	2410.4209
230.3265	207.6082	2410.4444
230.3266	207.0648	2410.4470
229.9784	200.1714	2412.5230
229.6293	194.3548	2414.5973
229.6719	189.9405	2420.8084
229.6722	188.8489	2420.8137
229.5178	184.7987	2424.9725
229.3632	179.6391	2429.1509
229.9142	177.9942	2429.1734
230.6665	159.3500	2598.5170
225.8962	153.7766	2544.7958
225.4925	145.4832	2540.2663
225.1201	142.1750	2542.5526
225.1214	137.0153	2542.5785
224.9198	134.6016	2540.3069
224.7197	127.6138	2538.0623
224.7205	124.1799	2538.0795
224.7221	117.8844	2538.1111
224.5227	109.2017	2535.8790
224.5229	108.0580	2535.8847
224.5259	95.4772	2535.9479
224.9000	90.2488	2533.7165
225.1013	92.0452	2535.9791
224.5277	88.0429	2535.9853
224.9323	83.0446	2540.5658
224.1565	77.8192	2538.2984
224.1572	74.9571	2538.3129
224.1587	68.0880	2538.3474
224.3612	63.5656	2540.6501
223.9595	60.0197	2536.1122
223.9606	54.8722	2536.1382
223.5883	46.9073	2538.4402
223.7900	42.9386	2540.7402
223.3895	38.2851	2536.2077
223.9661	29.1329	2536.2681
223.9671	24.5568	2536.2912
223.5939	19.9990	2538.5762
223.3953	10.2557	2536.3494
223.3959	7.3954	2536.3639
223.3968	2.8189	2536.3871
223.3976	-1.1857	2536.4074
223.1989	-9.1874	2534.1758
223.7734	-10.9018	2534.1986
223.4000	-13.7717	2536.4711
223.2272	-20.6730	2541.0485
223.2028	-29.7655	2534.2801
223.2033	-32.6237	2534.2946
223.2043	-38.3401	2534.3237
222.8306	-42.3794	2536.6023
222.8309	-44.0960	2536.6110
223.2065	-50.3451	2534.3847
222.6342	-61.2082	2534.4257
222.6346	-64.0667	2534.4403
222.8353	-69.2730	2536.7392
222.6362	-73.2143	2534.4869
222.6369	-77.2165	2534.5073
222.6373	-79.5035	2534.5190
222.6384	-86.3645	2534.5540
222.6392	-91.5104	2534.5802
222.6400	-96.0846	2534.6036
222.6405	-99.5153	2534.6211
222.6411	-103.5179	2534.6415
221.1379	-108.4808	2543.7242
222.4445	-121.7087	2532.4661
222.4695	-127.7616	2539.3005
222.2704	-131.6554	2537.0438
222.6461	-136.1123	2534.8083
222.4468	-137.1351	2532.5450
222.4486	-150.2767	2532.6124
222.6480	-149.2656	2534.8757
222.4488	-151.4195	2532.6182
222.0749	-158.4182	2534.9085
221.8767	-163.9927	2532.6685
221.8776	-170.8499	2532.7037
222.0775	-177.2923	2535.0055
222.0780	-181.2961	2535.0261
221.8796	-185.7078	2532.7801
221.8799	-188.5652	2532.7948
221.8814	-200.5666	2532.8566
221.8819	-203.9956	2532.8743
222.2568	-205.5259	2530.6316
221.7068	-216.3828	2537.4656
221.7076	-222.6811	2537.4981
221.7081	-227.2617	2537.5218
221.5096	-230.4933	2535.2656
221.3121	-238.8634	2533.0399
221.5112	-244.2237	2535.3366
221.3132	-249.1524	2533.0931
221.3135	-252.0105	2533.1079
221.6895	-259.2092	2530.8945
221.4918	-265.2574	2528.6649
221.8892	-269.1563	2533.2110
221.6904	-268.3474	2530.9419
221.5145	-275.6918	2535.4997
217.2939	-310.6908	2659.1528
217.4991	-316.9861	2661.6852
216.8969	-322.9974	2661.7045
217.1020	-329.9117	2664.2450
217.1022	-332.3168	2664.2579
216.8984	-338.0154	2661.7853
216.8986	-340.4183	2661.7983
216.8988	-342.2205	2661.8080
217.1040	-351.5585	2664.3617
217.1046	-356.9705	2664.3909
216.9005	-360.8443	2661.9084
216.9009	-365.0498	2661.9311
217.1057	-368.9976	2664.4558
216.7072	-377.1715	2666.9952
216.5034	-381.6318	2664.5111
216.9026	-384.2761	2662.0350
216.9030	-389.0828	2662.0610
216.9035	-394.4906	2662.0903
216.5050	-400.8774	2664.6154
216.9043	-404.1046	2662.1424
216.7006	-407.9316	2659.6642
216.3021	-412.5227	2662.1749
216.0993	-420.5447	2659.7194
216.3029	-422.7385	2662.2303
216.5071	-427.3424	2664.7590
216.1001	-431.9520	2659.7813
216.5082	-442.3805	2664.8407
216.5086	-447.7945	2664.8702
216.5089	-451.4038	2664.8898
216.3057	-461.8024	2662.4427
216.5096	-461.6306	2664.9455
216.3057	-461.8024	2662.4427
216.5096	-461.6306	2664.9455
216.3057	-461.8024	2662.4427
231.6466	261.1989	2418.4531
231.4936	264.3764	2422.5696
223.8505	373.8756	2678.3158
223.4561	372.4191	2680.8490
223.8505	373.8756	2678.3158
223.8509	372.6684	2678.3219
224.2764	369.7410	2683.4178
223.6712	363.0931	2683.4397
224.2813	355.8312	2683.4890
224.0700	352.4756	2680.9633
223.6482	346.9894	2675.9198
223.4664	342.8121	2681.0006
223.4680	337.9780	2681.0254
223.6804	336.4815	2683.5760
225.0468	327.6654	2671.0025
224.1731	320.1444	2653.5172
224.8049	321.6404	2660.9971
224.1731	320.1444	2653.5172
231.4936	264.3764	2422.5696
231.4497	257.7091	2416.4020
231.0572	249.6593	2412.3153
231.0578	247.4840	2412.3257
231.2124	239.4622	2408.2672
231.4093	240.2082	2410.3176
230.8210	233.0959	2404.2000
230.8229	226.5916	2404.2310
230.6715	223.1766	2408.3304
230.6724	219.9188	2408.3460
230.3249	213.0427	2410.4183
229.9323	214.3101	2406.3073
230.3266	207.0648	2410.4470
229.9783	200.7153	2412.5204
230.1753	198.7080	2414.5912
229.8254	195.0647	2416.6586
229.6299	192.1772	2414.6078
229.6722	188.8489	2420.8137
229.1654	182.7693	2427.0499
229.7167	178.3896	2427.0857
230.6665	159.3500	2598.5170
225.2893	148.7868	2537.9702
225.4927	144.9104	2540.2692
225.1201	142.1750	2542.5526
224.9195	135.7472	2540.3012
224.7189	130.4753	2538.0480
224.7202	125.3246	2538.0738
224.7205	124.1799	2538.0795
224.7221	117.8844	2538.1111
224.7229	114.4504	2538.1283
224.5229	108.0580	2535.8847
224.5259	95.4772	2535.9479
225.1016	90.9014	2535.9848
223.3541	79.2522	2529.2118
224.9324	82.4717	2540.5687
224.3587	74.4515	2540.5953
224.1864	72.2903	2545.1641
224.1587	68.0880	2538.3474
223.9595	60.0197	2536.1122
223.9597	58.8758	2536.1180
223.9606	54.8722	2536.1382
223.9622	47.4366	2536.1757
223.3890	40.5731	2536.1962
223.3895	38.2851	2536.2077
223.9661	29.1329	2536.2681
223.9663	27.9889	2536.2738
223.9672	23.9847	2536.2941
223.3953	10.2557	2536.3494
223.3954	9.6837	2536.3523
223.3961	6.2513	2536.3697
223.3971	1.1027	2536.3958
223.1989	-9.1874	2534.1758
223.7735	-11.4734	2534.2015
223.2265	-17.2341	2541.0310
223.2272	-20.6730	2541.0485
222.8274	-24.6426	2536.5121
223.2028	-29.7655	2534.2801
223.2035	-33.7669	2534.3004
222.8301	-39.5186	2536.5877
222.8308	-43.5238	2536.6081
223.2061	-48.0584	2534.3731
223.2065	-50.3451	2534.3847
222.6342	-61.2082	2534.4257
222.6343	-61.7799	2534.4287
222.8348	-66.4118	2536.7246
222.6359	-71.4991	2534.4782
222.6365	-74.9295	2534.4956
222.6373	-79.5035	2534.5190
222.6382	-85.2210	2534.5481
222.6388	-88.6516	2534.5656
222.6393	-92.0822	2534.5831
222.6400	-96.6564	2534.6065
222.6408	-101.2307	2534.6299
222.6411	-103.5179	2534.6415
222.6423	-110.9513	2534.6795
222.4435	-115.4242	2532.4339
222.2685	-119.0635	2536.9793
222.4445	-121.7087	2532.4661
222.4461	-132.5642	2532.5216
222.2705	-132.2278	2537.0468
222.0720	-137.8299	2534.8029
222.4468	-137.1351	2532.5450
222.4486	-150.2767	2532.6124
222.2729	-148.8271	2537.1319
222.4488	-151.4195	2532.6182
221.8767	-163.9927	2532.6685
221.8776	-170.8499	2532.7037
221.8779	-173.1357	2532.7154
222.0775	-177.2923	2535.0055
221.8788	-179.9932	2532.7507
221.8796	-185.7078	2532.7801
221.8799	-188.5652	2532.7948
222.0798	-195.0238	2535.0968
221.8814	-200.5666	2532.8566
221.8819	-204.5672	2532.8772
221.8825	-209.1393	2532.9008
221.7068	-216.3828	2537.4656
221.7074	-220.9634	2537.4892
221.7076	-222.6811	2537.4981
221.8842	-223.4278	2532.9745
221.3121	-238.8634	2533.0399
221.3123	-241.1498	2533.0517
221.5112	-244.7958	2535.3396
221.3131	-248.5807	2533.0901
221.6895	-259.2092	2530.8945
221.4918	-265.2574	2528.6649
221.5140	-271.1144	2535.4759
221.6904	-268.3474	2530.9419
221.5145	-275.6918	2535.4997
217.2939	-310.6908	2659.1528
217.4992	-318.1875	2661.6916
217.2953	-324.4936	2659.2270
217.1020	-330.5130	2664.2482
217.1026	-336.5258	2664.2806
216.8984	-338.0154	2661.7853
216.8988	-342.2205	2661.8080
217.1037	-347.9506	2664.3422
217.1043	-353.9639	2664.3746
216.9001	-356.0380	2661.8825
216.9006	-362.0459	2661.9149
216.9009	-365.0498	2661.9311
216.5027	-373.8136	2664.4689
216.7073	-378.3754	2667.0017
216.9025	-382.4735	2662.0253
216.9028	-386.0786	2662.0448
216.9032	-391.4863	2662.0740
216.9036	-396.2932	2662.1000
216.5050	-400.8774	2664.6154
216.7006	-407.9316	2659.6642
216.5068	-423.7333	2664.7394
216.5070	-426.1394	2664.7524
216.0999	-428.9500	2659.7650
216.1001	-431.9520	2659.7813
216.3040	-437.7623	2662.3119
216.5084	-444.7867	2664.8538
216.5088	-450.2007	2664.8833
216.5092	-455.6148	2664.9127
216.3057	-461.8024	2662.4427
216.5096	-461.6306	2664.9455
216.3057	-461.8024	2662.4427
231.4936	264.3764	2422.5696
223.8505	373.8756	2678.3158
223.6685	370.9551	2683.3994
223.8509	372.6684	2678.3219
224.0660	363.9557	2680.9046
223.6712	363.0931	2683.4397
224.2813	355.8312	2683.4890
223.8589	349.7300	2678.4392
223.6482	346.9894	2675.9198
223.4674	339.7908	2681.0161
224.0758	335.5568	2681.0499
223.6804	336.4815	2683.5760
225.0476	325.2575	2671.0148
224.1731	320.1444	2653.5172
224.8049	321.6404	2660.9971
224.1731	320.1444	2653.5172
231.4936	264.3764	2422.5696
231.2102	246.5201	2408.2335
231.2104	245.9772	2408.2361
231.2115	242.1768	2408.2542
231.4093	240.2082	2410.3176
230.6689	231.8637	2408.2888
230.6265	227.4837	2402.1830
230.6266	226.9421	2402.1856
230.6721	221.0048	2408.3408
230.1276	216.6633	2408.3468
230.3249	213.0427	2410.4183
230.3263	208.1517	2410.4418
229.9772	204.5228	2412.5021
229.9784	200.1714	2412.5230
229.6293	194.3548	2414.5973
229.4748	191.9604	2418.7270
229.6722	188.8489	2420.8137
229.4752	190.3244	2418.7348
229.7165	178.9369	2427.0831
229.9142	177.9942	2429.1734
230.6665	159.3500	2598.5170
225.4925	145.4832	2540.2663
225.1201	142.1750	2542.5526
225.1213	137.5886	2542.5756
224.9198	134.6016	2540.3069
224.7195	128.1861	2538.0595
224.7205	124.1799	2538.0795
224.7221	117.8844	2538.1111
224.5227	109.2017	2535.8790
224.1488	110.4451	2538.1344
224.3510	107.1068	2540.4310
224.7262	100.7140	2538.1973
224.3534	97.3679	2540.4799
224.3535	96.7950	2540.4828
224.9323	83.0446	2540.5658
224.9324	82.4717	2540.5687
224.1572	74.9571	2538.3129
224.1587	68.0880	2538.3474
223.9595	60.0197	2536.1122
223.9597	58.8758	2536.1180
223.9606	54.8722	2536.1382
223.9622	47.4366	2536.1757
223.5892	42.3273	2538.4633
223.3894	38.8571	2536.2048
223.3895	38.2851	2536.2077
223.9661	29.1329	2536.2681
223.9669	25.1288	2536.2883
223.9672	23.9847	2536.2941
223.3953	10.2557	2536.3494
223.3959	7.3954	2536.3639
223.3968	2.8189	2536.3871
223.3976	-1.1857	2536.4074
223.1989	-9.1874	2534.1758
223.7733	-10.3302	2534.1957
223.7735	-11.4734	2534.2015
223.2272	-20.6730	2541.0485
223.2028	-29.7655	2534.2801
223.2033	-32.6237	2534.2946
223.2043	-38.3401	2534.3237
223.2044	-38.9118	2534.3266
222.8309	-44.0960	2536.6110
223.2065	-50.3451	2534.3847
316.4640	265.7423	2406.6283
316.9774	277.9711	2418.8490
334.3376	304.9379	2569.0806
334.7062	310.3617	2585.3880
319.4197	379.2737	2724.1858
319.1164	377.0797	2721.5973
319.1137	374.1260	2726.8298
319.1167	369.2228	2726.8521
319.1196	364.3196	2726.8744
318.8188	357.8511	2724.3003
318.8221	352.3399	2724.3254
318.5101	356.3598	2726.9278
318.2093	340.1404	2729.6278
317.9058	339.2048	2727.0233
316.9777	277.4274	2418.8514
316.7099	275.5640	2416.8079
316.4541	268.3614	2410.6971
316.2004	259.5732	2404.6240
315.6823	250.6198	2396.5649
315.6838	247.9257	2396.5765
315.9522	242.7400	2398.6163
315.9528	241.6614	2398.6210
315.4254	234.7978	2394.6190
315.4277	230.4906	2394.6377
315.4299	226.1834	2394.6563
315.4319	222.4145	2394.6727
315.4330	220.2608	2394.6820
315.1610	213.4435	2396.7334
314.8960	213.8039	2394.7175
314.8890	205.5357	2398.7930
314.8804	200.4810	2402.8682
314.3393	198.3237	2402.8851
314.3419	192.9207	2402.9088
314.3422	192.3804	2402.9112
314.3331	186.2121	2407.0053
314.0578	180.9550	2409.0709
314.0343	177.2235	2417.2768
313.4904	173.9656	2417.2990
313.1718	166.2621	2431.8039
312.5939	163.5453	2440.1689
316.7115	155.9039	2595.9984
314.4174	138.2279	2581.9956
314.1344	135.2030	2579.6745
313.8399	127.7793	2582.0564
313.8409	125.4568	2582.0672
313.8588	116.5344	2577.4303
313.5617	114.9013	2579.7811
313.8646	103.2031	2577.4925
314.1490	102.1359	2579.8285
313.5692	97.4965	2579.8624
313.8690	92.7695	2577.5413
314.4641	90.2845	2572.8790
313.2931	80.0184	2577.6132
313.5636	76.1684	2584.6497
313.2986	66.6852	2577.6760
313.0023	61.5245	2580.0437
313.0041	56.8824	2580.0656
312.7100	44.7380	2582.4708
313.0098	42.3754	2580.1343
312.7100	44.7380	2582.4708
313.0132	33.6708	2580.1756
313.0150	29.0283	2580.1977
312.4349	24.3859	2580.2320
312.4364	20.3235	2580.2513
312.4383	15.1003	2580.2762
312.4403	9.8770	2580.3012
312.4417	5.8144	2580.3206
312.4599	1.1681	2575.6720
312.7459	-8.6879	2578.0465
312.1495	-14.5125	2582.7660
312.4645	-11.5776	2575.7331
311.8890	-27.2217	2575.8203
311.8697	-22.0459	2580.4664
312.1720	-30.1450	2578.1618
311.8751	-37.7184	2580.5421
311.8755	-38.8794	2580.5477
311.8765	-41.7818	2580.5617
311.5956	-45.2249	2578.2467
311.8793	-50.4892	2580.6039
311.8839	-64.4216	2580.6716
311.8844	-66.1632	2580.6801
311.6046	-73.0650	2578.3819
311.6054	-75.3851	2578.3932
311.6065	-78.8654	2578.4102
311.3082	-84.7431	2580.7827
311.0471	-89.1481	2573.8093
311.3306	-97.3409	2576.1729
311.6137	-102.6481	2578.5266
311.6156	-109.0291	2578.5579
311.6328	-106.5168	2573.8826
311.6176	-115.9905	2578.5922
311.3372	-119.9447	2576.2840
311.3196	-123.0644	2580.9709
311.6213	-128.7533	2578.6551
311.3412	-133.8556	2576.3526
311.0612	-137.7906	2574.0485
311.0431	-140.9400	2578.7273
311.0456	-150.2231	2578.7733
311.3284	-155.0028	2581.1291
311.0475	-157.1856	2578.8079
311.3493	-163.9983	2576.5021
311.3499	-166.3171	2576.5136
311.0511	-171.1111	2578.8773
311.0520	-174.5926	2578.8946
310.7722	-179.6549	2576.5920
311.0732	-183.5453	2574.2759
311.0742	-187.5999	2574.2962
310.7763	-195.8882	2576.6732
310.7765	-197.0478	2576.6791
311.0773	-200.3433	2574.3600
310.7788	-206.3244	2576.7256
311.0806	-214.2458	2574.4299
311.0809	-215.4044	2574.4357
311.0818	-219.4595	2574.4561
310.7831	-224.8787	2576.8191
311.0834	-226.4111	2574.4912
310.7849	-232.9966	2576.8601
310.7869	-242.2745	2576.9070
310.7876	-245.1739	2576.9217
310.7882	-248.0733	2576.9364
310.5086	-253.0668	2574.6379
311.0905	-258.8546	2574.6555
310.4927	-272.6793	2579.4016
310.2120	-271.8562	2577.0692
310.4927	-272.6793	2579.4016
311.1756	-306.2209	2707.0263
311.1760	-308.0485	2707.0358
311.1771	-313.5313	2707.0645
311.1781	-318.4051	2707.0900
311.4759	-329.6803	2709.7162
311.4760	-330.2901	2709.7194
311.1809	-332.4177	2707.1636
311.1820	-337.9011	2707.1924
311.1830	-342.7753	2707.2181
311.1836	-345.8217	2707.2341
311.4813	-357.1237	2709.8608
311.1855	-356.1798	2707.2888
311.1867	-362.2730	2707.3210
311.4832	-367.4920	2709.9156
311.4833	-368.1019	2709.9189
311.1896	-378.1159	2707.4049
311.1901	-381.1627	2707.4211
310.8964	-388.7203	2704.8989
310.8771	-393.7290	2710.0710
311.1928	-396.3974	2707.5021
311.1937	-401.8821	2707.5313
311.1943	-405.5386	2707.5508
311.1951	-410.4141	2707.5768
311.1962	-417.1180	2707.6126
311.1968	-420.7747	2707.6322
310.8832	-430.9407	2710.2699
310.9041	-435.6033	2705.1493
311.1998	-439.6686	2707.7335
311.4967	-448.6224	2710.3488
311.4973	-452.2830	2710.3685
311.4977	-454.7235	2710.3816
311.2030	-461.6117	2707.8516
311.2035	-464.6595	2707.8681
311.5000	-470.5869	2710.4673
311.4809	-470.2606	2715.6307
311.5000	-471.1970	2710.4706
311.4809	-470.2606	2715.6307
311.5000	-471.1970	2710.4706
316.9774	277.9711	2418.8490
334.6160	303.5055	2566.7608
334.6381	305.7880	2571.3899
319.4197	379.2737	2724.1858
319.1133	374.7389	2726.8271
319.1145	372.9003	2726.8354
318.8134	367.0361	2724.2585
319.1225	359.4162	2726.8967
318.5101	356.3598	2726.9278
318.2093	340.1404	2729.6278
318.5191	341.0359	2726.9978
317.9058	339.2048	2727.0233
316.9777	277.4274	2418.8514
316.7099	275.5640	2416.8079
316.4435	272.0752	2414.7749
315.9342	258.8160	2402.5997
315.9354	256.6553	2402.6090
315.6703	254.8217	2400.5926
315.9499	247.0542	2398.5977
315.9522	242.7400	2398.6163
315.4240	237.4898	2394.6074
315.4266	232.6442	2394.6283
315.4283	229.4138	2394.6423
315.1541	226.9155	2396.6748
315.1557	223.6822	2396.6888
315.1699	216.8494	2392.6860
314.8960	213.8039	2394.7175
314.6234	206.9808	2396.7689
314.6133	204.0921	2400.8279
314.8804	200.4810	2402.8682
314.6160	198.6938	2400.8515
314.3422	192.3804	2402.9112
314.3331	186.2121	2407.0053
313.7672	179.2467	2415.2191
314.0578	180.9550	2409.0709
313.4904	173.9656	2417.2990
313.1718	166.2621	2431.8039
312.5939	163.5453	2440.1689
316.7115	155.9039	2595.9984
314.6996	144.1637	2584.3073
314.4177	137.6472	2581.9983
314.1362	131.1423	2579.6933
313.8399	127.7793	2582.0564
313.8409	125.4568	2582.0672
313.8578	118.8528	2577.4195
313.8588	116.5344	2577.4303
314.1470	106.7771	2579.8068
313.8488	107.4562	2582.1511
314.1497	100.3954	2579.8366
314.4641	90.2845	2572.8790
313.5608	83.1436	2584.6169
314.4641	90.2845	2572.8790
313.5632	77.3309	2584.6442
313.2983	67.2649	2577.6732
312.9995	68.4875	2580.0109
313.0011	64.4258	2580.0300
313.0030	59.7837	2580.0519
313.0048	55.1416	2580.0739
313.0066	50.4994	2580.0958
312.7100	44.7380	2582.4708
313.0132	33.6708	2580.1756
313.0156	27.2873	2580.2060
312.4353	23.2253	2580.2375
312.4375	17.4217	2580.2652
312.4388	13.9396	2580.2818
312.4405	9.2966	2580.3040
312.4593	2.9061	2575.6637
312.4599	1.1681	2575.6720
313.0272	-4.0519	2580.3557
311.8466	-6.3847	2585.0791
313.0005	-16.2972	2589.8070
311.8689	-19.7241	2580.4553
311.8890	-27.2217	2575.8203
312.1708	-26.6655	2578.1451
311.8751	-37.7184	2580.5421
311.8763	-41.2013	2580.5589
311.8778	-45.8452	2580.5814
311.8792	-49.9087	2580.6011
311.8793	-50.4892	2580.6039
311.8839	-64.4216	2580.6716
311.6030	-67.8448	2578.3565
311.6046	-73.0650	2578.3819
311.6059	-77.1252	2578.4017
311.3082	-84.7431	2580.7827
311.0471	-89.1481	2573.8093
311.3294	-93.2840	2576.1531
311.3311	-99.0796	2576.1814
311.6139	-103.2282	2578.5295
311.6328	-106.5168	2573.8826
311.3359	-115.3078	2576.2611
311.3195	-122.4837	2580.9681
311.3196	-123.0644	2580.9709
311.6213	-128.7533	2578.6551
311.0426	-139.1995	2578.7187
311.0429	-140.3599	2578.7245
311.0456	-150.2231	2578.7733
311.3284	-155.0028	2581.1291
311.0668	-158.6399	2574.1518
311.3288	-156.1642	2581.1349
311.0510	-170.5309	2578.8744
311.0516	-172.8519	2578.8859
311.0520	-174.5926	2578.8946
310.7920	-181.0674	2571.9440
310.4931	-185.2874	2574.2963
311.3561	-190.6657	2576.6352
310.7763	-195.8882	2576.6732
311.0769	-198.6055	2574.3513
311.0773	-200.3433	2574.3600
310.7792	-208.0638	2576.7344
311.0806	-214.2458	2574.4299
311.0812	-216.5630	2574.4415
310.7824	-221.9795	2576.8044
311.0834	-226.4111	2574.4912
310.7846	-231.8369	2576.8542
310.7849	-232.9966	2576.8601
310.7869	-242.2745	2576.9070
310.7876	-245.1739	2576.9217
310.7885	-249.8130	2576.9453
310.7895	-254.4522	2576.9688
310.7904	-258.5115	2576.9895
310.4927	-272.6793	2579.4016
310.7925	-268.9502	2577.0426
310.4927	-272.6793	2579.4016
311.1756	-306.2209	2707.0263
311.1762	-309.2669	2707.0422
311.1776	-315.9682	2707.0773
311.1785	-320.2328	2707.0996
311.4759	-329.6803	2709.7162
311.1802	-328.7622	2707.1444
311.1812	-333.6362	2707.1700
311.4781	-340.6573	2709.7739
311.4793	-346.7559	2709.8061
311.4796	-348.5855	2709.8157
311.1852	-354.3519	2707.2791
311.1861	-359.2264	2707.3049
310.8918	-363.1513	2704.7634
311.4833	-368.1019	2709.9189
311.1896	-378.1159	2707.4049
311.1903	-382.3815	2707.4275
311.1913	-387.8659	2707.4567
310.8771	-393.7290	2710.0710
310.8774	-395.5589	2710.0808
311.1938	-402.4915	2707.5345
311.1944	-406.1480	2707.5540
310.9004	-412.4652	2705.0254
311.1964	-418.3369	2707.6192
311.1972	-423.2125	2707.6452
310.5877	-427.4892	2707.6841
311.1985	-431.7452	2707.6910
311.1991	-435.4022	2707.7106
311.4967	-448.6224	2710.3488
311.4973	-452.2830	2710.3685
311.2014	-450.6400	2707.7925
311.2030	-461.6117	2707.8516
311.4995	-467.5361	2710.4508
311.4809	-470.2606	2715.6307
311.5000	-471.1970	2710.4706
316.4526	271.0713	2410.6854
316.9774	277.9711	2418.8490
334.6160	303.5055	2566.7608
334.3376	304.9379	2569.0806
334.7062	310.3617	2585.3880
319.4197	379.2737	2724.1858
319.1160	377.6914	2721.5945
319.1133	374.7389	2726.8271
318.8126	368.2608	2724.2530
319.1192	364.9325	2726.8716
319.1229	358.8033	2726.8995
318.8221	352.3399	2724.3254
318.2093	340.1404	2729.6278
317.9058	339.2048	2727.0233
316.9777	277.4274	2418.8514
316.4435	272.0752	2414.7749
316.2004	259.5732	2404.6240
315.6823	250.6198	2396.5649
315.9476	251.3683	2398.5791
315.9505	245.9756	2398.6023
315.9528	241.6614	2398.6210
315.4252	235.3362	2394.6167
315.4280	229.9522	2394.6400
315.4299	226.1834	2394.6563
315.1685	219.5393	2392.6743
315.1557	223.6822	2396.6888
315.1699	216.8494	2392.6860
315.1615	212.3657	2396.7381
314.6240	205.9030	2396.7736
314.8804	200.4810	2402.8682
314.3393	198.3237	2402.8851
314.8914	200.6814	2398.8142
314.3422	192.3804	2402.9112
314.0666	188.7599	2404.9626
314.0458	179.6351	2413.1645
314.0340	177.7671	2417.2744
313.4904	173.9656	2417.2990
313.1718	166.2621	2431.8039
312.5939	163.5453	2440.1689
318.4493	157.3420	2610.2405
316.7115	155.9039	2595.9984
318.4493	157.3420	2610.2405
314.6996	144.1637	2584.3073
314.4193	134.1636	2582.0144
313.8399	127.7793	2582.0564
313.8409	125.4568	2582.0672
313.8588	116.5344	2577.4303
313.5617	114.9013	2579.7811
314.1470	106.7771	2579.8068
313.8488	107.4562	2582.1511
314.1504	98.6549	2579.8447
313.5709	93.4352	2579.8814
314.4641	90.2845	2572.8790
314.1678	89.2094	2575.2189
313.2931	80.0184	2577.6132
313.5636	76.1684	2584.6497
312.9987	70.2283	2580.0026
313.5822	66.1653	2580.0096
313.0023	61.5245	2580.0437
313.0039	57.4627	2580.0629
313.0057	52.8205	2580.0848
312.7100	44.7380	2582.4708
313.0094	43.5360	2580.1288
312.7100	44.7380	2582.4708
313.0130	34.2511	2580.1729
313.0147	29.6086	2580.1950
312.4346	24.9663	2580.2292
312.1542	19.7248	2577.9227
312.4381	15.6807	2580.2735
312.4403	9.8770	2580.3012
312.4411	7.5555	2580.3123
312.4593	2.9061	2575.6637
313.0270	-3.4715	2580.3529
312.7459	-8.6879	2578.0465
312.1657	-12.1677	2578.0753
312.1664	-13.9074	2578.0837
312.1694	-22.6060	2578.1255
312.7172	-18.0292	2587.4670
312.1718	-29.5651	2578.1590
311.8751	-37.7184	2580.5421
311.8755	-38.8794	2580.5477
311.8765	-41.7818	2580.5617
311.5956	-45.2249	2578.2467
311.5979	-52.1847	2578.2804
416.7261	383.3222	2769.4168
416.7266	382.7014	2769.4191
416.1115	378.3687	2769.4836
416.5180	371.2730	2772.1783
416.1234	363.4682	2769.5401
416.1243	362.2265	2769.5448
415.9095	357.6133	2772.2785
415.9134	352.6414	2772.2975
415.5178	346.7165	2769.6521
415.5212	342.3701	2769.6688
415.3057	337.7369	2772.4029
415.1286	333.3588	2767.0404
416.1876	327.1179	2761.6101
413.8154	313.5628	2745.8528
413.8192	308.6379	2745.8720
413.4322	298.5052	2743.2937
413.4332	297.2751	2743.2985
413.2265	280.3283	2746.0294
413.0063	281.2198	2748.6955
413.2288	277.2499	2746.0415
413.0183	264.5801	2748.7613
413.0192	263.3475	2748.7662
406.8621	235.0227	2605.8467
406.6495	232.3175	2608.2599
407.5512	222.5992	2617.8338
407.7681	218.8724	2615.4283
406.2949	212.2411	2605.9762
405.9312	206.2119	2603.6412
405.9319	205.0442	2603.6459
406.0892	198.4012	2608.4343
406.0896	197.8163	2608.4367
405.8150	192.0928	2618.0756
405.4354	184.0037	2662.2125
404.1988	172.0628	2690.0251
405.5344	170.4755	2674.7708
404.1988	172.0628	2690.0251
406.1464	155.0884	2627.8739
405.7798	148.4710	2625.5028
405.7824	144.3494	2625.5199
405.4157	138.9240	2623.1482
405.4182	134.8061	2623.1654
405.7911	130.2180	2625.5786
405.6370	131.7410	2620.7484
405.4283	118.3339	2623.2343
405.4290	117.1573	2623.2392
405.4321	111.8624	2623.2615
405.2176	107.2566	2625.7152
405.0721	95.8903	2620.9392
405.0725	95.3025	2620.9417
404.8587	88.9200	2623.3987
405.2309	84.2898	2625.8128
404.4966	77.0820	2621.0594
404.4979	74.7306	2621.0694
404.1369	61.7409	2618.7397
404.1372	61.1535	2618.7422
404.1379	59.9788	2618.7473
403.9264	47.6889	2621.2262
403.9293	42.3975	2621.2493
404.3024	33.6093	2623.6779
403.9337	34.1662	2621.2853
403.9362	29.4625	2621.3059
403.3524	24.1714	2621.3689
403.3549	19.4674	2621.3897
403.7237	17.7200	2623.7878
403.2116	9.4527	2616.6267
403.5841	-1.1127	2619.0554
403.5853	-3.4626	2619.0659
403.5862	-5.2251	2619.0738
403.3710	-12.2862	2621.5311
403.3750	-20.5191	2621.5682
403.0108	-26.9644	2619.2111
402.7935	-31.1059	2621.6557
403.0148	-35.1903	2619.2484
403.0164	-38.7157	2619.2644
403.0197	-45.7667	2619.2965
403.0200	-46.3543	2619.2992
403.0238	-54.5807	2619.3368
402.4388	-56.9332	2619.3871
402.4417	-63.3972	2619.4169
402.8107	-68.1592	2621.8251
402.8128	-72.8647	2621.8469
403.0334	-75.7352	2619.4343
402.6682	-79.1904	2617.0684
402.4534	-89.8423	2619.5394
402.0913	-99.1568	2617.2008
402.3118	-101.4113	2614.7944
402.6796	-105.6122	2617.1917
402.4637	-113.9387	2619.6524
402.4654	-118.0529	2619.6718
402.4673	-122.7549	2619.6940
402.1051	-132.6281	2617.3588
402.4734	-138.0370	2619.7666
402.1083	-140.8497	2617.3980
402.4762	-145.0906	2619.8003
402.1131	-153.1825	2617.4571
402.3345	-157.7341	2615.0619
402.3349	-158.9076	2615.0675
401.7554	-174.1696	2615.1806
401.7561	-175.9300	2615.1891
402.3443	-184.1392	2615.1897
402.1273	-191.3589	2617.6421
401.9854	-202.7359	2612.9073
401.9856	-203.3222	2612.9102
402.3530	-208.7861	2615.3105
402.5019	-215.0477	2620.1405
401.7722	-221.7048	2615.4136
401.7724	-222.2917	2615.4165
401.7739	-226.9870	2615.4398
401.7763	-234.0301	2615.4749
401.7768	-235.7909	2615.4837
402.0010	-249.6453	2613.1403
402.3670	-251.0432	2615.5206
402.1508	-261.8522	2617.9922
402.1517	-264.7898	2618.0070
401.7875	-269.8353	2615.6547
406.9962	-302.3896	2746.5091
407.1638	-317.1755	2751.8760
407.3922	-326.1201	2749.2509
407.3926	-327.3541	2749.2572
407.1695	-336.3216	2751.9749
407.1712	-341.8804	2752.0038
407.1728	-347.4393	2752.0327
407.4009	-355.7382	2749.4048
407.4022	-360.6748	2749.4307
407.4024	-361.2919	2749.4339
407.1797	-372.1469	2752.1621
407.1800	-373.3824	2752.1686
407.4096	-387.8281	2749.5737
407.4098	-388.4453	2749.5769
407.8020	-398.6961	2752.2559
407.8022	-399.3139	2752.2592
407.8042	-407.3449	2752.3019
407.8049	-409.8161	2752.3151
407.8061	-414.7584	2752.3415
407.8080	-422.1721	2752.3812
407.4192	-425.4771	2749.7744
407.4219	-436.5877	2749.8342
407.4228	-440.2914	2749.8541
407.4234	-442.7605	2749.8675
408.0406	-453.8559	2749.8810
408.0412	-456.3250	2749.8944
407.8180	-464.8051	2752.6116
407.8197	-472.2202	2752.6520
407.8210	-478.3997	2752.6858
407.8213	-479.6356	2752.6926
408.2119	-480.7078	2755.3279
407.8213	-479.6356	2752.6926
408.2119	-480.7078	2755.3279
416.7261	383.3222	2769.4168
417.1262	384.9314	2772.0784
416.1105	379.6103	2769.4789
416.1115	378.3687	2769.4836
416.5185	370.6516	2772.1807
416.1234	363.4682	2769.5401
416.3078	361.0659	2774.9385
415.5159	349.2001	2769.6426
415.5188	345.4746	2769.6568
415.3033	340.8445	2772.3909
415.5269	334.9191	2769.6974
415.5683	330.2246	2761.6461
415.3924	324.6422	2756.3300
414.9961	323.0992	2753.6985
413.8159	312.9472	2745.8552
413.8192	308.6379	2745.8720
413.4322	298.5052	2743.2937
413.2156	295.1042	2745.9714
413.4332	297.2751	2743.2985
413.3983	285.1880	2751.3078
413.2283	277.8656	2746.0391
413.2288	277.2499	2746.0415
413.0183	264.5801	2748.7613
413.0192	263.3475	2748.7662
406.8621	235.0227	2605.8467
406.6495	232.3175	2608.2599
406.2236	226.3061	2613.1022
407.3982	218.0890	2613.0554
407.7681	218.8724	2615.4283
406.5116	209.1245	2603.5904
405.9319	205.0442	2603.6459
406.0872	201.3258	2608.4226
406.0896	197.8163	2608.4367
406.0316	191.3266	2615.6582
404.1988	172.0628	2690.0251
405.5344	170.4755	2674.7708
404.1988	172.0628	2690.0251
402.6212	173.8364	2708.0436
406.1464	155.0884	2627.8739
405.7806	147.2934	2625.5077
406.1538	143.3020	2627.9226
405.4164	137.7475	2623.1531
405.7908	130.8069	2625.5762
405.4226	127.7466	2623.1948
405.4240	125.3935	2623.2047
405.4283	118.3339	2623.2343
405.4314	113.0391	2623.2565
405.4325	111.2741	2623.2640
404.8491	105.3941	2623.3288
405.0721	95.8903	2620.9392
404.8573	91.2735	2623.3887
405.0772	87.0730	2620.9767
405.2309	84.2898	2625.8128
404.4966	77.0820	2621.0594
404.4979	74.7306	2621.0694
404.1369	61.7409	2618.7397
404.2858	64.2093	2623.5447
404.1379	59.9788	2618.7473
403.9251	50.0407	2621.2160
403.9277	45.3372	2621.2364
403.9302	40.6337	2621.2570
403.9352	31.2264	2621.2982
403.9362	29.4625	2621.3059
403.3530	22.9954	2621.3741
403.7237	17.7200	2623.7878
403.2116	9.4527	2616.6267
403.5841	-1.1127	2619.0554
403.3677	-5.8176	2621.5022
403.5862	-5.2251	2619.0738
403.3712	-12.8743	2621.5338
403.3750	-20.5191	2621.5682
403.0108	-26.9644	2619.2111
403.0111	-27.5519	2619.2138
403.0134	-32.2524	2619.2351
403.0156	-36.9530	2619.2564
403.0164	-38.7157	2619.2644
403.0197	-45.7667	2619.2965
402.8035	-52.2787	2621.7521
403.0241	-55.1683	2619.3395
402.4388	-56.9332	2619.3871
403.1777	-67.0426	2624.2106
402.8112	-69.3355	2621.8306
402.6669	-76.2548	2617.0548
402.6677	-78.0162	2617.0630
402.6682	-79.1904	2617.0684
402.4524	-87.4915	2619.5284
402.4545	-92.1931	2619.5503
402.4565	-96.8947	2619.5723
402.3118	-101.4113	2614.7944
402.4622	-110.4123	2619.6357
402.4642	-115.1142	2619.6579
402.4661	-119.8161	2619.6801
402.4683	-125.1060	2619.7052
402.1051	-132.6281	2617.3588
402.1053	-133.2154	2617.3616
402.1065	-136.1516	2617.3756
402.4760	-144.5028	2619.7975
402.1083	-140.8497	2617.3980
402.3345	-157.7341	2615.0619
402.1167	-162.5793	2617.5023
402.4846	-166.8401	2619.9049
401.7554	-174.1696	2615.1806
401.7561	-175.9300	2615.1891
402.3443	-184.1392	2615.1897
402.1265	-189.0095	2617.6306
402.1279	-193.1210	2617.6507
401.9854	-202.7359	2612.9073
402.3528	-208.1993	2615.3076
402.1343	-211.3302	2617.7401
402.1353	-214.2673	2617.7546
401.7722	-221.7048	2615.4136
401.7732	-224.6394	2615.4282
401.7747	-229.3347	2615.4515
401.7763	-234.0301	2615.4749
401.7768	-235.7909	2615.4837
402.0010	-249.6453	2613.1403
402.1482	-253.6271	2617.9508
402.1495	-257.7396	2617.9714
402.1511	-263.0273	2617.9981
402.3715	-265.7173	2615.5946
401.7875	-269.8353	2615.6547
399.7925	-272.7070	2637.5859
406.9962	-302.3896	2746.5091
407.1625	-312.8524	2751.8537
407.3922	-326.1201	2749.2509
407.3926	-327.3541	2749.2572
407.1699	-337.5569	2751.9813
407.1715	-343.1157	2752.0102
407.4009	-355.7382	2749.4048
407.4012	-356.9723	2749.4113
407.4024	-361.2919	2749.4339
407.1797	-372.1469	2752.1621
407.1800	-373.3824	2752.1686
407.4096	-387.8281	2749.5737
407.7998	-390.0476	2752.2100
407.8020	-398.6961	2752.2559
407.8022	-399.3139	2752.2592
407.8042	-407.3449	2752.3019
407.8058	-413.5228	2752.3349
407.8067	-417.2296	2752.3547
407.4192	-425.4771	2749.7744
407.4219	-436.5877	2749.8342
407.4231	-441.5259	2749.8608
407.4234	-442.7605	2749.8675
408.0406	-453.8559	2749.8810
408.0409	-455.0904	2749.8877
408.0412	-456.3250	2749.8944
407.8180	-464.8051	2752.6116
407.8194	-470.9844	2752.6453
407.8208	-477.1638	2752.6791
407.8213	-479.6356	2752.6926
408.2119	-480.7078	2755.3279
407.8213	-479.6356	2752.6926
408.2119	-480.7078	2755.3279
406.8592	239.1127	2605.8306
416.7261	383.3222	2769.4168
417.1267	384.3100	2772.0807
416.1115	378.3687	2769.4836
416.5175	371.8945	2772.1760
416.5205	368.1658	2772.1901
416.5259	361.3298	2772.2161
416.3088	359.8217	2774.9433
415.9134	352.6414	2772.2975
415.5212	342.3701	2769.6688
415.3052	338.3584	2772.4005
415.5269	334.9191	2769.6974
415.7894	326.1881	2758.9664
415.3924	324.6422	2756.3300
413.8154	313.5628	2745.8528
413.8187	309.2535	2745.8696
413.4322	298.5052	2743.2937
413.4332	297.2751	2743.2985
413.6165	286.7566	2748.6269
413.0059	281.8361	2748.6931
413.2288	277.2499	2746.0415
415.8810	258.0674	2706.7307
413.0183	264.5801	2748.7613
413.0192	263.3475	2748.7662
406.8621	235.0227	2605.8467
407.7665	221.2182	2615.4190
407.3982	218.0890	2613.0554
406.5108	210.2921	2603.5857
406.5120	208.5407	2603.5927
405.9319	205.0442	2603.6459
406.0892	198.4012	2608.4343
406.0896	197.8163	2608.4367
404.1988	172.0628	2690.0251
405.5344	170.4755	2674.7708
402.6212	173.8364	2708.0436
404.1988	172.0628	2690.0251
405.7795	149.0598	2625.5004
405.7824	144.3494	2625.5199
405.4153	139.5123	2623.1458
405.4182	134.8061	2623.1654
405.7908	130.8069	2625.5762
405.6370	131.7410	2620.7484
405.4283	118.3339	2623.2343
405.4290	117.1573	2623.2392
405.4321	111.8624	2623.2615
405.2172	107.8455	2625.7127
404.8505	103.0407	2623.3387
405.0721	95.8903	2620.9392
405.0725	95.3025	2620.9417
405.0766	88.2486	2620.9717
405.2306	84.8787	2625.8103
404.4966	77.0820	2621.0594
404.4976	75.3185	2621.0669
404.1369	61.7409	2618.7397
404.1379	59.9788	2618.7473
403.9264	47.6889	2621.2262
403.9286	43.5734	2621.2441
403.9312	38.8698	2621.2647
404.3024	33.6093	2623.6779
403.9362	29.4625	2621.3059
403.3524	24.1714	2621.3689
403.3546	20.0554	2621.3871
403.7237	17.7200	2623.7878
403.2116	9.4527	2616.6267
403.5841	-1.1127	2619.0554
403.5850	-2.8752	2619.0633
403.3686	-7.5818	2621.5100
403.5862	-5.2251	2619.0738
403.3712	-12.8743	2621.5338
403.3753	-21.1072	2621.5708
403.0108	-26.9644	2619.2111
403.0119	-29.3146	2619.2218
403.0145	-34.6027	2619.2457
403.0164	-38.7157	2619.2644
403.0197	-45.7667	2619.2965
403.0200	-46.3543	2619.2992
403.1707	-51.7365	2624.1402
