-69.4929	-456.7898	2659.2286
-61.6484	371.8448	2642.3867
-62.0649	372.5201	2660.2174
-62.3058	372.1297	2670.5175
-62.3696	365.8057	2673.1420
-62.3729	359.7314	2673.1785
-62.4329	360.6854	2675.7644
-62.4406	346.0926	2675.8522
-62.4422	343.0523	2675.8705
-62.4464	335.1474	2675.9182
-62.4473	333.3232	2675.9292
-62.3914	324.4977	2673.3906
-60.4164	310.8611	2666.0151
-60.3588	309.3529	2663.4516
-60.1336	295.5099	2653.2929
-59.5382	291.2945	2653.4139
-60.1973	284.3239	2655.9136
-60.1979	283.1167	2655.9209
-60.2583	278.5539	2658.5066
-60.2032	272.8552	2655.9828
-60.2059	267.4225	2656.0156
-60.1525	258.7241	2653.5147
-60.2099	259.5749	2656.0631
-60.2127	254.1419	2656.0960
-59.5599	248.4761	2653.6723
-58.9063	247.0388	2651.2275
-44.2839	215.9395	2534.0508
-43.6758	208.8406	2531.8554
-43.1058	207.1179	2531.9546
-43.2272	201.9146	2538.9748
-43.2275	201.3375	2538.9782
-42.4250	192.2069	2525.1768
-43.6487	181.0488	2529.6939
-43.6900	178.3359	2532.0314
-43.1597	176.1976	2534.4592
-59.9727	156.7830	2643.9676
-60.6875	150.4550	2648.9858
-60.6884	148.6484	2648.9969
-60.6904	144.4328	2649.0228
-60.6925	140.2172	2649.0487
-60.7006	123.3539	2649.1527
-60.7015	121.5471	2649.1639
-60.7095	104.6824	2649.2682
-60.6549	97.3611	2646.7734
-61.3100	96.8499	2649.2211
-61.3123	92.0311	2649.2510
-61.3145	87.2123	2649.2809
-61.3162	83.5980	2649.3034
-61.3784	76.4428	2651.8929
-61.3208	73.9598	2649.3634
-61.9820	63.1756	2651.8799
-61.2694	58.2408	2646.9211
-61.2722	52.2220	2646.9587
-61.9867	52.9246	2651.9440
-61.9926	40.2608	2652.0233
-61.2803	34.7666	2647.0678
-61.9380	29.9794	2649.5426
-61.9402	25.1593	2649.5729
-62.0023	19.1530	2652.1559
-62.0026	18.5499	2652.1597
-62.0059	11.3124	2652.2053
-62.0081	6.4873	2652.2357
-61.9509	1.6598	2649.7208
-62.0122	-2.5600	2652.2929
-62.6707	-4.9769	2654.7625
-61.9577	-13.4053	2649.8159
-62.6770	-18.8633	2654.8504
-62.6780	-21.2784	2654.8658
-62.6201	-26.0846	2652.3459
-62.6826	-31.5430	2654.9309
-62.6241	-35.1331	2652.4034
-62.6263	-39.9591	2652.4340
-62.6880	-43.6195	2655.0078
-62.6909	-50.2619	2655.0501
-63.3518	-55.1439	2657.5405
-62.6345	-58.6609	2652.5531
-62.6382	-67.1074	2652.6070
-63.2973	-69.5853	2655.0775
-63.2986	-72.6049	2655.0968
-63.3013	-78.6441	2655.1355
-63.3033	-83.4755	2655.1665
-63.3049	-87.0992	2655.1897
-63.3072	-92.5349	2655.2246
-63.2473	-94.2577	2652.6850
-63.3111	-101.5945	2655.2828
-63.3132	-106.4265	2655.3139
-63.2545	-111.1535	2652.7935
-63.2558	-114.1707	2652.8129
-63.3193	-120.9231	2655.4072
-63.9808	-125.8728	2657.8988
-63.9214	-130.5860	2655.3737
-63.9239	-136.6267	2655.4127
-63.9249	-139.0430	2655.4284
-63.9272	-144.4799	2655.4636
-64.5910	-153.6848	2657.9829
-64.5292	-154.1432	2655.4301
-63.9327	-157.7705	2655.5497
-63.9347	-162.6037	2655.5811
-64.6585	-167.1471	2660.6310
-64.5369	-172.8716	2655.5518
-64.5386	-177.1009	2655.5794
-64.5406	-181.9344	2655.6109
-64.6038	-185.1310	2658.1876
-64.6080	-195.4126	2658.2547
-64.6084	-196.6222	2658.2626
-64.5484	-201.2695	2655.7370
-65.1491	-207.9129	2655.6844
-65.1496	-209.1214	2655.6923
-65.1527	-216.9769	2655.7438
-65.2170	-221.4172	2658.3289
-65.1558	-224.8328	2655.7953
-65.1572	-228.4586	2655.8191
-65.1587	-232.0846	2655.8429
-65.8223	-238.3503	2658.3440
-65.8251	-245.6093	2658.3919
-65.1652	-249.0064	2655.9542
-65.1053	-255.4120	2653.4450
-65.1062	-257.8273	2653.4610
-65.8337	-267.9930	2658.5396
-65.8342	-269.2030	2658.5476
-65.8358	-273.4380	2658.5756
-65.7742	-277.4092	2656.0457
-65.7756	-281.0359	2656.0697
-65.8415	-288.5639	2658.6758
-66.5064	-294.8900	2661.1828
-66.4431	-296.4246	2658.6319
-65.7839	-303.4021	2656.2179
-65.7844	-304.6111	2656.2260
-66.4483	-310.3416	2658.7244
-67.1144	-318.5058	2661.2437
-66.3883	-320.3238	2656.2344
-66.3898	-324.5558	2656.2626
-66.3918	-329.9970	2656.2989
-66.9926	-337.2464	2656.2512
-66.9292	-339.3420	2653.7135
-66.9963	-347.5248	2656.3199
-66.9984	-353.5712	2656.3603
-67.7286	-359.6911	2661.4230
-67.6654	-364.7958	2658.8959
-67.6669	-369.0326	2658.9243
-67.6045	-375.9378	2656.4142
-67.6051	-377.7519	2656.4263
-68.2707	-383.5525	2658.9256
-68.3383	-389.3710	2661.5263
-68.2739	-392.6321	2658.9868
-68.2118	-402.5394	2656.4970
-68.9457	-412.9947	2661.5894
-68.9459	-413.6006	2661.5935
-68.8811	-417.4443	2659.0580
-68.8821	-420.4712	2659.0785
-68.8837	-425.3144	2659.1113
-68.8864	-433.1848	2659.1646
-68.8874	-436.2120	2659.1852
-68.8220	-438.2162	2656.6420
-68.8894	-442.2664	2659.2263
-69.4911	-451.3405	2659.1915
-69.4927	-456.1843	2659.2245
-69.4929	-456.7898	2659.2286
-61.6484	371.8448	2642.3867
-62.0649	372.5201	2660.2174
-62.1850	372.6281	2665.3559
-62.3703	364.5908	2673.1493
-61.7128	356.3587	2670.7085
-62.4329	360.6854	2675.7644
-62.4406	346.0926	2675.8522
-61.7179	346.6486	2670.7668
-61.7211	340.5796	2670.8033
-62.3847	337.2554	2673.3137
-62.4473	333.3232	2675.9292
-61.7303	322.9785	2670.9093
-60.4709	318.4363	2668.5469
-60.4164	310.8611	2666.0151
-60.4167	310.2552	2666.0188
-60.3588	309.3529	2663.4516
-60.1336	295.5099	2653.2929
-59.5382	291.2945	2653.4139
-60.1973	284.3239	2655.9136
-60.2561	282.7832	2658.4811
-60.2586	277.9497	2658.5103
-60.2038	271.6479	2655.9901
-60.2062	266.8188	2656.0193
-60.1525	258.7241	2653.5147
-60.2109	257.7639	2656.0740
-60.2127	254.1419	2656.0960
-59.5602	247.8730	2653.6760
-58.9063	247.0388	2651.2275
-44.2839	215.9395	2534.0508
-43.6755	209.4161	2531.8521
-43.1058	207.1179	2531.9546
-43.2275	201.3375	2538.9782
-42.4250	192.2069	2525.1768
-43.6487	181.0488	2529.6939
-43.6900	178.3359	2532.0314
-43.1597	176.1976	2534.4592
-42.5497	174.8890	2532.2298
-43.1597	176.1976	2534.4592
-60.0304	156.3309	2646.5054
-60.6875	150.4550	2648.9858
-60.6890	147.4439	2649.0043
-60.6904	144.4328	2649.0228
-60.6925	140.2172	2649.0487
-60.7006	123.3539	2649.1527
-60.7015	121.5471	2649.1639
-60.7095	104.6824	2649.2682
-60.7115	100.4661	2649.2943
-61.3103	96.2476	2649.2248
-61.3125	91.4288	2649.2547
-61.3148	86.6099	2649.2847
-61.3162	83.5980	2649.3034
-61.3784	76.4428	2651.8929
-61.3208	73.9598	2649.3634
-61.9820	63.1756	2651.8799
-61.3278	58.8993	2649.4573
-61.2722	52.2220	2646.9587
-61.9867	52.9246	2651.9440
-61.9926	40.2608	2652.0233
-61.9360	34.1969	2649.5162
-61.9380	29.9794	2649.5426
-61.9402	25.1593	2649.5729
-62.0023	19.1530	2652.1559
-62.0026	18.5499	2652.1597
-62.0059	11.3124	2652.2053
-61.9482	7.6856	2649.6828
-61.9509	1.6598	2649.7208
-62.6702	-3.7695	2654.7548
-62.6707	-4.9769	2654.7625
-61.9577	-13.4053	2649.8159
-61.9590	-16.4184	2649.8350
-62.6783	-21.8822	2654.8696
-62.6204	-26.6879	2652.3498
-62.6826	-31.5430	2654.9309
-62.6241	-35.1331	2652.4034
-62.6263	-39.9591	2652.4340
-62.6287	-45.3885	2652.4686
-62.6911	-50.8657	2655.0539
25.9960	-456.2251	2649.4796
25.9710	-456.3970	2646.9631
25.9960	-456.2251	2649.4796
25.9710	-456.3970	2646.9631
33.5458	373.3822	2660.5364
33.5452	370.9706	2660.5504
33.5445	367.9560	2660.5680
32.9726	363.4742	2663.0724
33.5744	359.2528	2663.1655
33.5408	352.2797	2660.6593
33.5084	350.1386	2658.1297
32.9675	341.7474	2663.1991
32.9978	336.6351	2665.7807
32.9975	335.4268	2665.7878
32.9647	329.6761	2663.2696
35.2391	318.2175	2653.4497
34.6716	319.1179	2655.9093
35.2724	317.3150	2655.9876
35.2039	310.7072	2650.9653
35.0683	301.1571	2640.9557
35.0670	295.7700	2640.9869
35.0661	291.5799	2641.0112
34.5001	288.2574	2643.4720
34.5313	281.3328	2646.0263
35.0640	282.6010	2641.0634
35.0619	273.6218	2641.1155
35.0609	268.8327	2641.1434
35.0934	265.4911	2643.6723
34.4938	260.6950	2643.6324
35.0581	256.8597	2641.2130
35.0568	250.8729	2641.2478
34.4908	247.5119	2643.7091
45.4554	215.0309	2523.0519
45.9837	207.9816	2520.8683
47.3823	202.2196	2534.8134
47.1248	202.8418	2521.0251
47.0820	202.0884	2518.7461
45.4087	189.1201	2520.9090
45.4086	188.5486	2520.9122
34.4088	174.0637	2639.1230
33.8425	170.0343	2641.5840
33.8738	165.9989	2644.1176
34.4057	160.3023	2639.2035
34.4048	156.1140	2639.2280
44.4940	118.3077	2534.9631
44.4933	114.8590	2534.9825
44.4497	100.3977	2532.7558
43.9153	96.4642	2535.0215
43.9150	95.3145	2535.0280
44.4468	86.0398	2532.8367
44.4053	80.7972	2530.5621
44.4049	79.0757	2530.5718
43.3365	74.0442	2535.0834
43.4535	63.8711	2542.0908
43.8279	60.1377	2530.6141
43.8272	56.6944	2530.6335
43.8658	49.8533	2532.9765
43.8652	46.4068	2532.9960
43.8243	42.3469	2530.7146
43.8238	39.4773	2530.7308
43.8219	29.7204	2530.7860
43.2877	28.0240	2533.0354
43.8207	23.9809	2530.8185
43.8199	19.3891	2530.8445
43.2844	10.7894	2533.1331
43.2831	3.8953	2533.1722
43.2392	-19.0702	2530.9981
43.2388	-20.7924	2531.0079
43.2384	-23.0886	2531.0209
42.7029	-29.4294	2533.2969
43.3554	-32.3593	2538.0001
42.7005	-42.0709	2533.3689
42.7003	-43.2201	2533.3754
42.7000	-44.9440	2533.3853
42.6572	-65.5734	2531.1981
42.6571	-66.1475	2531.2014
42.6175	-69.5306	2528.9199
42.6164	-75.8410	2528.9559
42.6161	-76.9883	2528.9624
42.6150	-83.2989	2528.9984
42.1184	-86.8957	2533.5599
42.6135	-91.9044	2529.0476
42.6134	-92.4781	2529.0508
42.6114	-103.3790	2529.1131
42.0763	-106.9165	2531.3695
42.6091	-116.5754	2529.1886
42.5695	-121.0574	2526.9173
42.5694	-121.6307	2526.9206
42.1108	-130.0046	2533.8068
42.0329	-135.5100	2529.2323
42.0317	-142.3959	2529.2717
42.0309	-147.5604	2529.3013
42.0301	-152.1512	2529.3277
41.4945	-155.7330	2531.5845
41.4939	-159.1793	2531.6043
41.4545	-168.2187	2529.3551
41.4544	-168.7926	2529.3584
41.4912	-175.2626	2531.6968
41.4528	-177.9751	2529.4112
41.4524	-180.8447	2529.4277
41.4517	-184.8622	2529.4508
41.4885	-191.3471	2531.7894
40.9145	-194.7927	2531.7444
40.9505	-204.1677	2534.1038
41.4481	-207.2466	2529.5797
41.4480	-207.8206	2529.5830
41.4472	-212.9866	2529.6128
41.9806	-220.8260	2527.4254
41.9802	-223.1201	2527.4386
40.9089	-230.4125	2531.9499
40.9081	-235.5836	2531.9798
40.2963	-244.5555	2529.6653
40.8691	-245.7053	2529.7368
40.8309	-251.7942	2527.4746
40.8307	-252.9414	2527.4813
40.8302	-256.3829	2527.5012
40.2934	-264.0748	2529.7782
40.3295	-268.9092	2532.1078
40.8274	-274.7384	2527.6073
40.8273	-275.3121	2527.6107
40.8259	-285.0641	2527.6671
40.3265	-289.5975	2532.2278
40.3261	-291.8963	2532.2411
27.7883	-324.2277	2646.3613
27.8145	-327.5387	2648.8983
27.7872	-330.8349	2646.4015
27.7853	-342.8484	2646.4746
27.7845	-347.6540	2646.5038
27.2106	-353.9912	2648.9910
27.7571	-352.7288	2644.0224
27.7559	-360.5309	2644.0699
27.7558	-361.1311	2644.0736
27.1552	-374.9328	2644.0892
27.1808	-377.6883	2646.6185
27.1549	-376.7334	2644.1002
27.1797	-384.8978	2646.6625
27.1790	-389.1034	2646.6882
26.6045	-396.0818	2649.1795
27.1773	-400.5190	2646.7579
27.1509	-403.1442	2644.2614
26.5248	-417.7561	2641.7743
25.9516	-418.7458	2644.2196
26.5745	-425.7524	2646.8438
26.5492	-424.7521	2644.3250
25.9741	-435.3638	2646.8341
25.9740	-435.9647	2646.8378
26.5464	-443.9635	2644.4427
25.9971	-449.0067	2649.4352
25.9717	-451.5892	2646.9336
25.9710	-456.3970	2646.9631
25.9960	-456.2251	2649.4796
25.9710	-456.3970	2646.9631
25.9960	-456.2251	2649.4796
25.9710	-456.3970	2646.9631
33.5458	373.3822	2660.5364
33.5452	370.9706	2660.5504
33.5441	366.1472	2660.5785
32.9723	362.2672	2663.0794
32.9711	356.8357	2663.1111
33.5408	352.2797	2660.6593
33.5084	350.1386	2658.1297
32.9675	341.7474	2663.1991
33.5371	336.6023	2660.7507
32.9972	334.2185	2665.7948
32.9647	329.6761	2663.2696
34.6717	319.7198	2655.9058
35.2391	318.2175	2653.4497
35.2724	317.3150	2655.9876
35.2039	310.7072	2650.9653
35.0683	301.1571	2640.9557
35.0670	295.7700	2640.9869
35.0998	293.6523	2643.5085
34.5001	288.2574	2643.4720
34.5313	281.3328	2646.0263
35.0624	275.4177	2641.1051
35.0619	273.6218	2641.1155
35.0609	268.8327	2641.1434
35.0932	264.8918	2643.6757
34.4938	260.6950	2643.6324
35.0581	256.8597	2641.2130
35.0568	250.8729	2641.2478
34.4908	247.5119	2643.7091
45.4554	215.0309	2523.0519
45.9837	207.9816	2520.8683
47.3823	202.2196	2534.8134
47.1248	202.8418	2521.0251
47.0820	202.0884	2518.7461
45.4086	188.5486	2520.9122
34.4088	174.0637	2639.1230
33.8749	170.7944	2644.0895
33.8737	165.3994	2644.1211
34.4057	160.3023	2639.2035
38.8902	154.3624	2619.8989
34.4048	156.1140	2639.2280
44.4940	118.3077	2534.9631
44.4933	114.8590	2534.9825
44.4497	100.3977	2532.7558
43.9151	95.8894	2535.0248
43.9150	95.3145	2535.0280
44.4468	86.0398	2532.8367
44.4053	80.7972	2530.5621
44.4049	79.0757	2530.5718
43.8702	71.6801	2532.8531
43.4535	63.8711	2542.0908
43.8279	60.1377	2530.6141
43.8272	56.6944	2530.6335
43.8658	49.8533	2532.9765
43.8246	43.4948	2530.7081
43.8242	41.7730	2530.7179
43.8238	39.4773	2530.7308
43.8219	29.7204	2530.7860
43.7810	25.1055	2528.5118
43.8206	23.4069	2530.8218
43.8199	19.3891	2530.8445
43.2844	10.7894	2533.1331
43.2831	3.8953	2533.1722
43.2392	-19.0702	2530.9981
43.2388	-20.7924	2531.0079
43.2384	-23.0886	2531.0209
42.7028	-30.0040	2533.3002
43.2758	-34.6008	2533.3911
42.7005	-42.0709	2533.3689
42.7002	-43.7948	2533.3787
42.7000	-44.9440	2533.3853
122.9857	-455.5474	2635.8948
149.0704	255.6535	2365.9394
130.4031	370.1843	2649.1443
130.4032	369.5857	2649.1476
130.4034	365.9936	2649.1674
130.4037	361.2041	2649.1938
130.8813	356.6785	2646.7593
130.8816	352.4915	2646.7824
130.4048	345.6377	2649.2797
130.4050	341.4466	2649.3028
130.4053	337.2554	2649.3259
130.4056	331.8666	2649.3556
131.8358	317.7987	2642.0678
130.8836	320.7877	2646.9571
130.4063	321.6876	2649.4118
130.8837	320.1895	2646.9604
131.2371	310.0367	2642.0708
149.0704	255.6535	2365.9394
149.1047	247.8702	2358.0507
149.1048	246.2711	2358.0587
149.5147	240.7393	2356.1402
149.6404	241.4733	2358.1194
149.2642	233.4257	2352.2208
149.2646	226.5128	2352.2553
149.1397	221.5424	2350.3070
149.1398	220.4797	2350.3123
149.1400	216.2290	2350.3335
149.0154	210.7400	2348.3909
149.0156	206.4927	2348.4121
149.0156	205.9617	2348.4148
148.4830	194.2812	2348.4363
148.1985	187.6913	2352.3758
147.9131	181.6120	2356.3258
147.5023	178.0315	2358.2899
147.6267	174.4449	2360.2944
147.3392	169.3919	2364.2657
146.6372	161.7805	2370.2291
146.2229	157.6257	2372.2193
145.3457	150.8782	2384.2511
145.4696	148.3082	2386.2943
136.9164	138.7993	2527.1584
136.5475	130.4489	2520.3902
136.5475	129.3091	2520.3962
136.5477	123.6103	2520.4265
136.5479	119.0511	2520.4508
136.5480	116.2016	2520.4660
135.9765	99.6738	2520.5150
135.9766	96.2541	2520.5332
135.9767	91.6944	2520.5575
135.9769	87.1347	2520.5818
136.4264	77.3756	2518.4096
136.4265	73.3891	2518.4308
136.4266	72.2501	2518.4369
135.8554	60.2903	2518.4617
135.8555	52.8863	2518.5012
135.8556	48.3300	2518.5254
135.8557	43.7735	2518.5497
135.7340	34.6289	2516.3392
135.8559	33.5212	2518.6044
135.4062	28.9907	2520.8529
135.2847	20.4201	2518.6353
135.2848	15.8632	2518.6596
135.2849	9.5972	2518.6931
135.1634	6.7423	2516.4489
135.1635	5.0349	2516.4580
135.1636	-4.6407	2516.5097
135.1636	-5.7791	2516.5157
134.8348	-12.0604	2521.0332
134.7136	-11.4806	2518.7666
135.1638	-20.0087	2516.5917
135.1638	-21.7163	2516.6008
134.5929	-29.1164	2516.6013
134.5929	-29.6856	2516.6043
134.7139	-37.6877	2518.9067
134.5930	-45.0551	2516.6865
134.5931	-52.4556	2516.7261
134.2632	-55.3994	2521.2260
134.5931	-57.0098	2516.7504
134.5932	-66.6878	2516.8022
134.5932	-67.8264	2516.8083
134.5933	-76.3662	2516.8540
134.5933	-77.5049	2516.8601
134.2634	-81.6343	2521.3666
134.1427	-86.1212	2519.1269
134.5934	-96.8628	2516.9638
134.0223	-99.1408	2516.9368
134.0223	-105.4041	2516.9704
134.0223	-107.6817	2516.9826
134.0223	-112.2369	2517.0070
134.0223	-117.3617	2517.0345
134.0224	-120.7782	2517.0528
133.6914	-127.2673	2521.5724
134.0224	-126.4726	2517.0834
134.0224	-135.0143	2517.1292
133.4512	-140.7096	2517.1206
133.9021	-145.7056	2514.9305
133.4512	-147.5434	2517.1573
133.9021	-146.2746	2514.9336
133.4512	-161.2115	2517.2307
133.4512	-161.7811	2517.2337
133.4512	-162.3506	2517.2368
133.5712	-171.0449	2519.5437
133.4512	-175.4500	2517.3072
133.4512	-179.4369	2517.3286
133.4512	-183.9934	2517.3531
133.3314	-190.0906	2515.1297
133.4512	-194.2460	2517.4083
133.3313	-200.9034	2515.1878
133.3313	-201.4725	2515.1909
133.3313	-210.0093	2515.2368
133.2117	-212.0982	2512.9956
133.3313	-216.2697	2515.2705
134.3521	-221.7635	2513.1258
133.3312	-229.9295	2515.3440
132.8798	-231.2732	2517.5684
132.8798	-238.1095	2517.6052
132.8798	-239.8186	2517.6144
133.2115	-253.6114	2513.2190
132.8797	-256.3405	2517.7035
132.8797	-260.8984	2517.7281
132.7603	-264.6522	2515.4918
132.7603	-266.9293	2515.5041
132.7603	-274.8990	2515.5471
132.4273	-281.6607	2520.0615
132.3083	-283.6903	2517.8118
132.3082	-287.1092	2517.8303
132.3082	-289.9582	2517.8457
131.8555	-290.7867	2520.0714
124.1830	-318.9332	2635.2050
124.1829	-324.3008	2635.2352
124.0661	-331.7464	2632.8068
124.0661	-332.9382	2632.8136
124.1828	-339.2114	2635.3192
124.1827	-344.5794	2635.3494
124.1826	-348.1582	2635.3695
124.0658	-354.3905	2632.9343
124.0658	-357.3701	2632.9511
124.0658	-360.3498	2632.9678
123.7010	-368.7821	2637.9202
123.5846	-371.4225	2635.4601
123.5846	-376.7912	2635.4904
123.5845	-380.9670	2635.5139
124.0654	-388.9565	2633.1290
123.5843	-391.7050	2635.5745
124.0654	-390.1485	2633.1357
123.5842	-400.0571	2635.6217
123.5842	-404.8298	2635.6486
123.5841	-411.9891	2635.6891
122.9863	-414.3769	2635.6619
122.9861	-427.5030	2635.7361
122.9861	-428.0996	2635.7395
122.9860	-434.6630	2635.7766
122.9859	-439.4364	2635.8036
122.9859	-444.2099	2635.8306
122.8701	-452.7401	2633.4080
122.8701	-453.3363	2633.4114
122.9857	-455.5474	2635.8948
122.8701	-453.3363	2633.4114
122.9857	-455.5474	2635.8948
149.0704	255.6535	2365.9394
130.4031	370.1843	2649.1443
130.4035	364.7963	2649.1740
130.4037	361.2041	2649.1938
130.8816	353.0897	2646.7791
130.8816	352.4915	2646.7824
130.4048	345.6377	2649.2797
130.4050	341.4466	2649.3028
130.5284	338.1709	2651.8251
130.4057	330.6691	2649.3622
130.8836	320.7877	2646.9571
131.8358	317.7987	2642.0678
131.8359	316.6045	2642.0744
130.8837	320.1895	2646.9604
130.3926	308.2669	2637.0737
149.0704	255.6535	2365.9394
148.9448	253.8365	2363.9525
149.1047	247.8702	2358.0507
149.2301	248.6108	2360.0332
149.6404	242.0063	2358.1168
148.9800	236.4785	2356.1248
149.2643	231.8304	2352.2287
149.1397	221.5424	2350.3070
149.1398	219.9483	2350.3149
149.2652	215.8773	2352.3085
149.0154	210.7400	2348.3909
149.0156	205.9617	2348.4148
148.4830	194.2812	2348.4363
148.7324	193.0096	2352.3860
148.4830	194.2812	2348.4363
148.1985	187.6913	2352.3758
147.9131	181.6120	2356.3258
147.5023	178.0315	2358.2899
147.6267	174.4449	2360.2944
146.9266	164.1840	2366.2512
146.5132	162.7156	2368.2212
145.9314	156.8168	2376.2091
146.2229	157.6257	2372.2193
145.3457	150.8782	2384.2511
145.5936	147.3538	2388.3326
136.6701	137.9805	2522.6170
136.5475	130.4489	2520.3902
136.0980	127.7138	2522.6327
136.5477	123.0404	2520.4296
136.6708	117.4466	2522.7263
136.5480	116.2016	2520.4660
135.9765	99.6738	2520.5150
136.0990	95.1995	2522.8059
135.9768	91.1245	2520.5606
135.9769	86.5647	2520.5848
136.4264	77.3756	2518.4096
136.4265	73.3891	2518.4308
136.4266	72.2501	2518.4369
135.8554	60.2903	2518.4617
135.4057	55.2141	2520.7130
135.9777	51.7939	2520.7702
135.8556	48.3300	2518.5254
135.7340	34.6289	2516.3392
135.8559	33.5212	2518.6044
135.4062	28.9907	2520.8529
135.2847	20.4201	2518.6353
135.2847	19.8505	2518.6384
135.2848	15.2935	2518.6627
135.2849	9.5972	2518.6931
135.2849	7.3186	2518.7053
135.1635	5.0349	2516.4580
135.1636	-4.6407	2516.5097
135.1636	-6.3482	2516.5188
135.1638	-20.0087	2516.5917
135.1638	-21.7163	2516.6008
134.5929	-29.1164	2516.6013
134.5929	-29.6856	2516.6043
134.8351	-37.1503	2521.1674
134.5930	-45.0551	2516.6865
134.5931	-52.4556	2516.7261
217.4541	-455.4074	2625.4964
225.2926	367.1164	2638.4788
225.0841	363.2125	2636.0396
225.0877	353.1125	2636.0907
225.0879	352.5184	2636.0937
225.0895	347.7654	2636.1177
224.7033	343.9285	2638.5835
224.7049	339.1708	2638.6076
225.0946	332.9116	2636.1929
224.7097	324.8974	2638.6800
224.7105	322.5185	2638.6920
225.0984	321.6222	2636.2501
231.7218	243.6212	2379.9397
231.6347	229.0542	2368.0703
231.8285	230.8478	2370.0483
231.6347	229.0542	2368.0703
231.6360	224.7831	2368.0905
231.6370	221.5798	2368.1057
231.6384	216.7747	2368.1284
231.4470	208.0589	2366.1864
231.2975	209.4762	2370.1344
231.3003	199.8574	2370.1800
231.4493	200.0566	2366.2243
231.1077	195.4195	2368.2144
231.1083	193.2837	2368.2245
230.9599	188.7941	2372.2073
230.8115	182.1464	2376.2136
230.2737	178.9335	2376.2138
230.2739	178.3977	2376.2163
230.1235	173.8678	2380.2261
229.2787	169.0718	2388.2504
224.6371	155.9829	2610.3734
225.9600	154.6778	2598.4452
229.3614	152.8202	2577.2670
227.3137	139.3234	2522.2567
226.1056	131.2313	2508.8721
225.9370	135.9985	2513.2938
225.9075	122.0718	2506.6938
225.9085	118.1151	2506.7134
225.7431	108.6988	2511.1979
225.1754	103.0370	2511.2120
225.3450	99.4622	2506.7920
225.5471	90.4974	2509.0608
225.5480	86.5367	2509.0805
225.3497	79.1109	2506.8935
225.1505	77.3463	2504.6821
225.7186	74.5215	2504.7104
225.5845	66.9112	2515.8601
225.1844	63.9604	2511.4071
224.9858	58.2449	2509.2076
224.7875	53.1046	2507.0091
224.7878	51.4084	2507.0176
224.7895	43.4927	2507.0572
224.7899	41.7965	2507.0657
224.7908	37.2731	2507.0883
224.7911	36.1422	2507.0940
224.7933	25.3988	2507.1478
224.7935	24.2679	2507.1535
224.4254	19.7622	2509.3861
224.5965	13.5115	2504.9870
224.5979	6.7317	2505.0210
224.0315	0.5164	2505.0378
224.2308	-2.8756	2507.2754
224.2316	-6.8343	2507.2953
224.2324	-10.7930	2507.3152
224.4038	-18.1141	2502.9292
224.4039	-18.6786	2502.9320
224.6039	-24.3449	2505.1772
224.0370	-28.8660	2505.1856
224.2363	-31.7186	2507.4206
224.0377	-32.2565	2505.2027
223.8419	-46.9086	2503.0597
223.8424	-49.7317	2503.0739
223.4747	-59.3829	2505.3250
223.4755	-63.9041	2505.3478
223.4763	-68.4254	2505.3707
223.4774	-75.2075	2505.4050
223.1086	-82.0622	2507.6460
223.4792	-85.9461	2505.4593
223.1100	-91.1136	2507.6918
223.1104	-93.3764	2507.7033
223.4812	-98.9461	2505.5251
223.4819	-102.9027	2505.5452
223.4826	-107.9899	2505.5710
223.4834	-113.0772	2505.5968
223.4841	-117.5994	2505.6197
223.8540	-121.4487	2503.4367
223.0898	-125.8592	2501.2313
223.2879	-129.3575	2503.4624
223.3145	-132.5297	2510.1270
223.1173	-139.2038	2507.9361
222.9201	-143.6050	2505.7374
222.9213	-152.0852	2505.7806
223.2923	-160.9882	2503.6232
222.9232	-166.2193	2505.8526
222.7268	-174.5477	2503.6778
222.7274	-179.6319	2503.7037
222.9255	-184.3121	2505.9449
222.7286	-188.6707	2503.7499
222.7289	-190.9304	2503.7614
222.7296	-196.5799	2503.7903
222.5572	-202.0198	2508.2422
222.9281	-205.2334	2506.0519
222.5341	-210.5202	2501.6480
223.1019	-218.9848	2501.7059
223.4713	-221.6110	2499.5242
223.1028	-226.8878	2501.7464
222.3635	-232.9457	2506.1793
221.9700	-235.3618	2501.7605
223.1056	-252.2922	2501.8766
222.7357	-250.8207	2504.0682
222.5389	-253.9892	2501.8708
222.5392	-257.3767	2501.8882
222.5398	-263.0226	2501.9172
222.1701	-267.7767	2504.1407
222.3677	-273.1014	2506.3857
222.1710	-276.8186	2504.1872
222.1714	-280.7746	2504.2076
221.9754	-288.4345	2502.0332
222.1721	-288.1215	2504.2454
218.2277	-327.9931	2619.9838
218.4305	-332.4362	2622.4333
218.4309	-336.5792	2622.4554
218.4313	-340.1304	2622.4744
218.4318	-346.0492	2622.5060
218.4323	-351.9680	2622.5376
218.4327	-356.1113	2622.5597
218.4337	-367.9497	2622.6230
218.0426	-374.8092	2625.0767
218.0431	-380.1418	2625.1053
218.2327	-384.7639	2620.2870
218.2329	-387.7211	2620.3029
218.2330	-388.3125	2620.3060
217.8425	-401.1053	2622.7872
217.8426	-403.4734	2622.7999
217.8429	-406.4335	2622.8158
217.8432	-411.1697	2622.8412
217.8435	-415.3140	2622.8635
217.8444	-427.1552	2622.9271
217.8447	-431.2998	2622.9494
217.8448	-433.0760	2622.9589
217.8452	-438.9970	2622.9908
217.8457	-445.5102	2623.0259
217.8461	-451.4314	2623.0578
217.8462	-453.7999	2623.0705
217.4541	-455.4074	2625.4964
217.8462	-453.7999	2623.0705
217.4541	-455.4074	2625.4964
225.2926	367.1164	2638.4788
225.0841	363.2125	2636.0396
225.0877	353.1125	2636.0907
225.0883	351.3302	2636.0997
225.2995	347.4924	2638.5781
224.7033	343.9285	2638.5835
225.0934	336.4766	2636.1749
225.0946	332.9116	2636.1929
225.0984	321.6222	2636.2501
224.7105	322.5185	2638.6920
225.0984	321.6222	2636.2501
232.2159	237.6551	2373.9989
231.6347	229.0542	2368.0703
231.6349	228.5204	2368.0728
231.6362	224.2493	2368.0930
231.6373	220.5120	2368.1107
231.6385	216.2407	2368.1309
231.6398	211.9694	2368.1511
231.4470	208.0589	2366.1864
231.3003	199.8574	2370.1800
231.4493	200.0566	2366.2243
231.1083	193.2837	2368.2245
230.9606	186.1198	2372.2200
230.8115	182.1464	2376.2136
230.6184	179.3178	2374.2305
229.6255	171.0805	2386.2392
230.1235	173.8678	2380.2261
229.2787	169.0718	2388.2504
224.6371	155.9829	2610.3734
225.9600	154.6778	2598.4452
225.9370	135.9985	2513.2938
226.1056	131.2313	2508.8721
227.3137	139.3234	2522.2567
225.9076	121.5066	2506.6966
225.9085	118.1151	2506.7134
225.5433	106.3396	2508.9818
225.5438	104.0765	2508.9931
225.3450	99.4622	2506.7920
225.5471	90.4974	2509.0608
225.5481	85.9709	2509.0833
225.5492	81.4443	2509.1059
225.1505	77.3463	2504.6821
225.7186	74.5215	2504.7104
224.9837	67.8647	2509.1595
224.7857	61.0200	2506.9695
224.8167	56.6484	2513.6615
224.7875	53.1046	2507.0091
224.7878	51.4084	2507.0176
224.7895	43.4927	2507.0572
224.7899	41.7965	2507.0657
224.6219	33.9415	2511.5432
224.7911	36.1422	2507.0940
224.7933	25.3988	2507.1478
224.2257	23.1370	2507.1448
224.4255	19.1962	2509.3890
224.5965	13.5115	2504.9870
224.5978	7.2967	2505.0182
224.5979	6.7317	2505.0210
224.0315	0.5164	2505.0378
224.2316	-6.8343	2507.2953
224.4038	-18.1141	2502.9292
224.9716	-21.5009	2502.9605
224.4051	-24.8888	2502.9633
224.2359	-29.4563	2507.4092
224.6356	-36.3056	2511.8966
224.0377	-32.2565	2505.2027
223.8419	-46.9086	2503.0597
223.8424	-49.7317	2503.0739
310.6856	-453.9583	2611.0746
316.0787	244.5051	2343.2726
318.0784	310.1977	2607.1603
318.6127	365.6153	2626.1595
318.6162	359.7124	2626.1858
318.6180	356.7609	2626.1989
318.6208	352.0384	2626.2199
318.3278	342.3233	2628.6978
318.0356	340.8299	2626.2840
318.3302	338.1871	2628.7163
318.0436	327.2518	2626.3448
318.0460	323.1192	2626.3633
318.3480	317.5087	2623.9582
318.6482	314.2658	2621.5471
318.3561	313.3907	2619.1438
316.0787	244.5051	2343.2726
316.0887	242.5241	2339.4259
315.8208	241.1473	2341.3609
315.5655	233.5870	2339.4701
315.5657	233.0610	2339.4724
315.3211	225.1423	2333.7499
315.0663	218.6679	2331.8670
314.7981	217.8003	2333.7872
315.0586	213.2509	2335.7204
315.0607	209.0495	2335.7384
314.8058	202.5824	2333.8524
314.8061	202.0576	2333.8546
314.5393	197.4990	2335.7939
314.2723	192.4070	2337.7387
314.5324	188.3552	2339.6763
314.5342	184.6725	2339.6922
314.2661	180.6144	2341.6390
313.7279	174.0599	2345.5355
313.9766	168.6751	2351.3731
313.7062	165.6415	2353.3349
313.6838	158.2289	2361.1816
314.2064	154.2352	2365.1192
320.5407	143.7793	2547.1624
314.0817	131.0284	2500.3450
313.8088	125.8581	2498.1779
313.8110	120.8020	2498.2010
314.3762	116.8671	2498.2090
314.3777	113.4964	2498.2244
313.5421	107.2250	2496.0763
313.8324	102.6428	2493.9043
313.5460	98.2435	2496.1176
313.8214	96.6438	2498.3118
313.2771	85.2577	2493.9942
313.2787	81.3314	2494.0123
313.2662	76.4183	2498.4151
313.2680	71.9232	2498.4359
313.5439	69.1743	2500.6395
312.7076	64.0576	2498.4823
312.9982	60.6318	2496.3012
312.7257	57.2130	2494.1337
312.7116	53.9428	2498.5293
312.7148	45.5136	2498.5686
312.7325	39.8229	2494.2147
312.7337	36.4570	2494.2304
312.4463	31.4363	2496.4470
312.4467	30.3133	2496.4523
312.4511	18.5215	2496.5076
312.7419	14.5775	2494.3328
312.4542	10.0986	2496.5471
312.7451	5.6008	2494.3750
313.0212	-0.5706	2496.5875
313.0216	-1.6937	2496.5928
312.4598	-5.6250	2496.6212
312.1883	-11.2317	2494.4641
312.4638	-17.4182	2496.6770
311.8871	-27.5752	2501.1235
312.1929	-24.6983	2494.5279
311.6324	-31.4327	2494.5695
311.6161	-34.8597	2498.9668
311.6178	-39.9190	2498.9909
311.0747	-47.1465	2494.6538
311.3664	-51.5907	2492.4855
310.7860	-53.9284	2496.8796
311.0786	-59.4930	2494.7128
311.0800	-63.9827	2494.7343
311.0817	-69.5950	2494.7612
311.3726	-71.2159	2492.5794
311.3744	-77.3841	2492.6090
311.6485	-82.5016	2494.8137
311.9241	-91.5604	2497.0411
311.9246	-93.2456	2497.0493
311.6534	-99.3396	2494.8949
311.6547	-103.8299	2494.9166
311.6563	-109.4428	2494.9438
311.6572	-112.8107	2494.9601
311.3856	-116.0787	2492.7958
311.0971	-122.9173	2495.0188
311.3703	-125.2705	2497.2142
311.0812	-131.5672	2499.4423
309.7226	-129.3225	2488.5294
310.2668	-138.5192	2492.9238
310.5396	-143.1297	2495.1267
309.9780	-148.1857	2495.1608
310.2517	-156.7421	2497.3870
309.9998	-154.6527	2490.8260
310.0013	-160.8177	2490.8562
310.5451	-165.0249	2495.2340
310.2738	-166.0047	2493.0584
310.5670	-175.9465	2490.9213
311.4025	-181.7036	2493.1167
311.1302	-180.9867	2490.9367
311.4036	-186.7523	2493.1416
311.1149	-193.6554	2495.3656
311.1153	-195.3399	2495.3739
311.4069	-200.7771	2493.2109
311.4076	-204.1431	2493.2276
310.8464	-209.7580	2493.2650
311.4098	-214.2415	2493.2777
310.5584	-222.8594	2495.5201
311.1391	-220.7836	2491.1337
310.2876	-227.1558	2493.3609
310.8507	-229.9561	2493.3655
310.2894	-235.5722	2493.4029
310.5609	-234.6524	2495.5789
310.2912	-244.5500	2493.4478
309.7499	-248.0499	2489.1154
309.7305	-254.0949	2493.5049
310.5659	-259.9249	2495.7055
310.5660	-260.4866	2495.7083
310.0240	-265.6443	2491.3768
310.3158	-271.0114	2489.2214
310.3166	-274.9328	2489.2412
310.2995	-288.8823	2493.6708
310.6651	-320.5644	2610.3738
310.9705	-328.4848	2608.0184
310.6865	-329.3615	2605.6437
310.3835	-334.3623	2608.0617
310.6684	-338.7771	2610.4683
310.9537	-342.6119	2612.8762
310.6702	-349.3529	2610.5234
310.6709	-353.4658	2610.5448
310.3876	-358.4299	2608.1870
310.9572	-363.1951	2612.9836
311.2434	-369.4105	2615.4084
310.9587	-372.6051	2613.0328
310.6749	-377.5569	2610.6708
310.3913	-381.3256	2608.3068
310.9612	-388.4853	2613.1162
310.9618	-392.0144	2613.1347
310.6778	-396.3613	2610.7696
310.6783	-399.8873	2610.7882
311.2677	-405.7545	2610.8062
310.9646	-411.4251	2613.2371
311.2510	-420.0404	2615.6750
310.9657	-419.0721	2613.2775
310.9664	-424.3664	2613.3055
310.6829	-432.7987	2610.9622
310.9676	-432.6021	2613.3492
310.9685	-439.6615	2613.3867
310.9888	-448.2526	2608.6477
310.6856	-453.3705	2611.0715
310.9702	-453.1925	2613.4587
310.6856	-453.9583	2611.0746
316.0787	244.5051	2343.2726
318.0784	310.1977	2607.1603
318.6127	365.6153	2626.1595
318.6144	362.6638	2626.1727
318.6166	359.1221	2626.1884
318.6194	354.3997	2626.2094
318.6219	350.2675	2626.2278
318.3278	342.3233	2628.6978
318.3295	339.3689	2628.7110
318.0471	331.9513	2621.4820
318.3302	338.1871	2628.7163
318.0436	327.2518	2626.3448
318.0460	323.1192	2626.3633
318.3484	316.9189	2623.9609
318.3490	315.7392	2623.9662
318.3561	313.3907	2619.1438
318.0784	310.1977	2607.1603
316.0787	244.5051	2343.2726
316.0793	243.4514	2343.2771
315.8314	238.6479	2337.5227
315.5655	233.5870	2339.4701
315.5657	233.0610	2339.4724
315.3211	225.1423	2333.7499
315.3232	220.9445	2333.7679
315.0567	216.9272	2335.7046
315.0588	212.7258	2335.7226
314.8032	207.8300	2333.8299
314.8058	202.5824	2333.8524
314.8061	202.0576	2333.8546
314.5393	197.4990	2335.7939
314.2725	191.8814	2337.7409
314.5326	187.8291	2339.6785
314.5342	184.6725	2339.6922
314.2661	180.6144	2341.6390
314.2566	175.6389	2345.5226
313.7279	174.0599	2345.5355
313.6934	165.3869	2357.2366
313.6942	163.7966	2357.2436
313.7062	165.6415	2353.3349
313.6838	158.2289	2361.1816
314.2064	154.2352	2365.1192
321.1146	144.3490	2547.1466
314.0809	132.7152	2500.3373
314.0817	131.0284	2500.3450
313.8088	125.8581	2498.1779
313.8112	120.2402	2498.2036
314.3765	116.3053	2498.2116
314.3777	113.4964	2498.2244
313.8176	105.6331	2498.2705
313.8324	102.6428	2493.9043
313.8214	96.6438	2498.3118
313.5497	89.2618	2496.1589
313.5507	87.0163	2496.1692
313.2794	79.6488	2494.0200
312.9922	75.7901	2496.2309
313.5439	69.1743	2500.6395
313.8205	65.8578	2502.8495
312.9973	62.8775	2496.2908
312.7251	58.8958	2494.1259
312.7113	54.5048	2498.5267
312.7116	53.9428	2498.5293
312.7148	45.5136	2498.5686
312.7165	41.0178	2498.5895
312.7337	36.4570	2494.2304
312.4463	31.4363	2496.4470
312.4467	30.3133	2496.4523
312.4511	18.5215	2496.5076
312.7421	14.0165	2494.3354
312.4542	10.0986	2496.5471
313.0212	-0.5706	2496.5875
312.7481	-2.8150	2494.4146
312.1869	-7.3040	2494.4456
312.4638	-17.4182	2496.6770
311.8871	-27.5752	2501.1235
312.1773	-26.9890	2498.9196
311.9048	-29.7744	2496.7453
311.9059	-33.1442	2496.7614
311.6178	-39.9190	2498.9909
310.8028	-47.6671	2492.4762
311.0942	-50.9866	2490.3063
401.8346	-452.0738	2597.5522
402.1981	-453.6447	2599.9041
401.8346	-452.0738	2597.5522
402.1981	-453.6447	2599.9041
397.9724	255.4650	2348.3309
397.7706	256.7336	2350.2754
418.0128	283.2275	2486.5170
409.8451	355.3799	2609.9595
410.5841	363.0547	2614.6771
410.2162	356.8714	2612.3248
410.3737	361.6340	2617.1019
409.8451	355.3799	2609.9595
409.2713	343.1035	2610.0447
409.4354	337.2850	2614.8526
409.4386	333.1814	2614.8679
409.0701	328.7813	2612.5090
397.6487	253.6797	2346.4191
396.8854	242.8889	2338.7889
396.7693	234.6367	2334.9897
397.2110	239.9361	2340.7058
396.4498	230.7854	2333.1071
396.1337	222.7582	2331.2433
396.1366	218.5761	2331.2589
395.8195	212.6543	2329.3904
395.8202	211.6096	2329.3943
395.8241	205.8636	2329.4159
395.3024	205.3469	2329.4444
395.7508	194.3291	2335.1949
395.4311	191.5561	2333.3084
395.2341	184.3843	2335.2598
395.0345	180.3452	2337.2023
395.1567	175.9170	2341.0563
395.0345	180.3452	2337.2023
395.1567	175.9170	2341.0563
395.2800	170.4225	2344.9271
395.0779	168.9866	2346.8757
395.3210	164.2657	2354.6441
394.4588	153.6602	2378.3308
400.6551	139.6849	2490.3639
400.1773	132.0789	2483.9062
400.1800	127.6223	2483.9245
400.1827	123.1657	2483.9428
399.9747	118.8147	2486.1421
400.1880	114.2523	2483.9794
399.6367	105.8989	2484.0473
399.6370	105.3417	2484.0496
399.6390	101.9990	2484.0635
399.6419	96.9848	2484.0844
399.6438	93.6419	2484.0983
399.3035	85.2111	2481.9891
399.3045	83.5411	2481.9961
399.0979	75.2577	2484.2088
399.1001	71.3574	2484.2252
398.7592	64.6150	2482.1091
398.7601	62.9448	2482.1162
398.7628	57.9342	2482.1375
399.1107	51.8549	2484.3082
398.7688	46.7991	2482.1852
398.7708	42.9018	2482.2019
398.7717	41.2314	2482.2091
398.7729	39.0043	2482.2187
398.5649	31.7947	2484.4277
398.2239	25.6420	2482.3095
398.2253	22.8579	2482.3216
398.2312	11.1644	2482.3726
398.2321	9.4939	2482.3799
397.8923	1.6959	2480.2729
398.2397	-6.0982	2482.4485
397.6891	-17.2366	2482.5309
397.6904	-20.0211	2482.5433
397.6927	-25.0334	2482.5656
397.8257	-28.9813	2486.9102
397.0140	-40.5597	2478.3559
397.0143	-41.1157	2478.3584
397.0170	-47.2318	2478.3860
397.3611	-50.6104	2480.5392
397.1505	-55.6677	2482.7364
397.3651	-59.5145	2480.5796
397.3658	-61.1840	2480.5871
397.3689	-68.4188	2480.6201
397.5835	-73.3631	2478.4722
397.0312	-80.0384	2478.5355
397.0316	-81.1506	2478.5407
397.3787	-91.7939	2480.7276
397.3798	-94.5768	2480.7405
397.3812	-97.9163	2480.7560
397.1704	-103.0164	2482.9541
396.8298	-108.4952	2480.8380
396.8311	-111.8350	2480.8536
396.8326	-115.7314	2480.8718
396.8354	-122.9678	2480.9058
396.8362	-125.1944	2480.9162
396.8366	-126.3077	2480.9215
396.8394	-133.5444	2480.9556
396.8410	-137.9978	2480.9767
397.1855	-142.5724	2483.1400
396.8445	-147.4615	2481.0216
396.8453	-149.6884	2481.0322
396.8471	-154.6988	2481.0561
397.0633	-164.0184	2478.9301
396.8502	-163.6063	2481.0988
397.0646	-167.9121	2478.9488
396.7247	-174.4390	2476.8459
396.5140	-181.2683	2479.0459
396.5158	-186.8313	2479.0728
396.7301	-190.5574	2476.9240
396.7303	-191.1132	2476.9267
396.7326	-198.3391	2476.9619
397.0766	-204.0708	2479.1242
397.0782	-209.0778	2479.1488
397.0785	-210.1905	2479.1542
396.5245	-214.0917	2479.2061
396.5287	-228.0012	2479.2747
396.8720	-231.5365	2481.4303
396.7435	-233.9152	2477.1371
396.7446	-237.8067	2477.1564
396.7462	-243.3660	2477.1841
396.7465	-244.4779	2477.1897
396.5356	-251.9273	2479.3939
396.7490	-253.3730	2477.2342
396.7520	-264.4925	2477.2900
396.7532	-268.9404	2477.3125
396.8837	-273.3056	2481.6396
396.7556	-277.8364	2477.3575
396.7557	-278.3924	2477.3603
397.0999	-285.8637	2479.5326
396.6740	-287.4842	2483.8861
401.5875	-323.5307	2599.2501
401.2262	-328.4882	2596.9323
401.2280	-335.4828	2596.9687
401.2282	-336.0657	2596.9717
401.8110	-343.0491	2596.9697
401.8119	-346.5465	2596.9880
401.2314	-348.8897	2597.0387
401.2331	-355.8849	2597.0753
401.2339	-359.3825	2597.0937
401.8163	-364.6170	2597.0829
401.8179	-371.6124	2597.1198
401.8184	-373.9442	2597.1322
401.8199	-380.3569	2597.1662
401.8200	-380.9399	2597.1692
401.8234	-396.0978	2597.2499
401.8246	-401.9280	2597.2811
401.8250	-403.6771	2597.2905
402.1904	-414.5416	2599.6921
402.3379	-423.4817	2604.4783
402.1929	-426.7971	2599.7582
401.8305	-430.4982	2597.4349
401.8312	-433.9968	2597.4539
401.8322	-439.2448	2597.4823
401.8333	-445.0761	2597.5140
402.1975	-450.7263	2599.8882
401.8346	-452.0738	2597.5522
402.1981	-453.6447	2599.9041
397.7706	256.7336	2350.2754
418.0128	283.2275	2486.5170
410.5841	363.0547	2614.6771
409.8451	355.3799	2609.9595
410.2162	356.8714	2612.3248
410.2166	356.2858	2612.3270
409.6391	348.0980	2612.3972
409.2713	343.1035	2610.0447
409.0660	334.0526	2612.4893
409.0664	333.4669	2612.4915
409.0701	328.7813	2612.5090
397.3250	252.4229	2344.5084
396.8854	242.8889	2338.7889
396.8862	241.8401	2338.7928
396.5676	235.8807	2336.9119
396.4501	230.2622	2333.1091
396.1337	222.7582	2331.2433
396.1340	222.2355	2331.2452
395.8195	212.6543	2329.3904
395.8202	211.6096	2329.3943
395.8241	205.8636	2329.4159
395.3024	205.3469	2329.4444
395.4290	194.6956	2333.2965
395.4311	191.5561	2333.3084
395.2341	184.3843	2335.2598
395.0345	180.3452	2337.2023
395.1567	175.9170	2341.0563
395.2800	170.4225	2344.9271
395.0779	168.9866	2346.8757
395.3210	164.2657	2354.6441
394.4588	153.6602	2378.3308
402.9571	140.8462	2501.1571
399.8311	133.0786	2481.7578
400.1803	127.0653	2483.9268
400.1827	123.1657	2483.9428
400.3212	118.3591	2488.2958
400.1880	114.2523	2483.9794
399.6367	105.8989	2484.0473
399.6373	104.7846	2484.0519
399.6396	100.8847	2484.0681
399.6419	96.9848	2484.0844
399.3035	85.2111	2481.9891
399.3045	83.5411	2481.9961
399.0979	75.2577	2484.2088
398.7592	64.6150	2482.1091
399.4477	66.9577	2486.3923
398.7601	62.9448	2482.1162
398.7628	57.9342	2482.1375
398.7640	55.7072	2482.1471
398.7688	46.7991	2482.1852
398.7708	42.9018	2482.2019
398.7717	41.2314	2482.2091
398.7729	39.0043	2482.2187
398.5655	30.6801	2484.4326
398.2239	25.6420	2482.3095
398.2253	22.8579	2482.3216
398.2312	11.1644	2482.3726
398.5768	8.3880	2484.5297
397.8923	1.6959	2480.2729
398.2397	-6.0982	2482.4485
398.0304	-12.2342	2484.6537
397.6891	-17.2366	2482.5309
397.6906	-20.5781	2482.5457
397.6927	-25.0334	2482.5656
397.6948	-29.4888	2482.5855
398.0399	-32.3005	2484.7432
397.0140	-40.5597	2478.3559
397.0143	-41.1157	2478.3584
397.0170	-47.2318	2478.3860
397.3611	-50.6104	2480.5392
