-165.8883	302.2121	2745.8693
-164.9471	299.1233	2740.5243
-165.8883	302.2121	2745.8693
-165.8893	300.9608	2745.8773
-164.1799	288.2303	2737.9834
-179.8789	200.1612	2788.9029
-179.8826	195.7114	2788.9330
-179.8868	190.6258	2788.9674
-179.8916	184.9044	2789.0062
-179.8948	181.0900	2789.0321
-179.8990	176.0041	2789.0667
-179.9027	171.5538	2789.0970
-179.9075	165.8319	2789.1360
-179.9133	158.8383	2789.1838
-179.9159	155.6593	2789.2055
-179.9207	149.9369	2789.2447
-180.7295	146.2655	2791.9787
-180.7338	141.1738	2792.0137
-179.9328	135.3125	2789.3452
-179.9338	134.0408	2789.3539
-180.7464	125.8980	2792.1191
-180.7506	120.8058	2792.1543
-180.5704	116.2319	2789.3428
-180.5777	107.3291	2789.4046
-180.7668	101.0724	2792.2913
-181.3940	95.3398	2792.1969
-181.3977	90.8837	2792.2280
-181.3987	89.6105	2792.2369
-181.4060	80.6978	2792.2992
-181.4096	76.2414	2792.3305
-182.2219	71.2184	2795.0803
-181.4169	67.3282	2792.3930
-181.4236	59.0513	2792.4513
-181.4257	56.5045	2792.4692
-182.2379	51.4617	2795.2196
-182.2436	44.4508	2795.2692
-181.4370	42.4966	2792.5682
-181.4406	38.0393	2792.5997
-182.2539	31.7031	2795.3596
-182.4440	26.6315	2798.2508
-182.2627	20.8669	2795.4368
-182.2668	15.7674	2795.4732
-182.2708	10.6677	2795.5096
-182.2734	7.4803	2795.5324
-183.0879	1.7451	2798.2940
-183.0920	-3.3599	2798.3307
-182.2861	-8.4572	2795.6467
-182.2877	-10.3698	2795.6604
-183.1042	-18.6758	2798.4410
-183.1082	-23.7814	2798.4779
-183.1118	-28.2488	2798.5102
-183.1153	-32.7164	2798.5425
-183.1194	-37.8223	2798.5795
-183.1234	-42.9283	2798.6166
-183.1285	-49.3111	2798.6630
-183.1315	-53.1408	2798.6909
-183.1355	-58.2472	2798.7281
-183.1365	-59.5238	2798.7374
-183.9547	-67.8883	2801.5251
-183.9587	-73.0002	2801.5625
-183.9627	-78.1121	2801.6000
-183.9677	-84.5022	2801.6470
-183.9697	-87.0583	2801.6658
-183.9737	-92.1707	2801.7034
-183.9772	-96.6440	2801.7364
-184.6057	-101.7538	2801.6392
-184.6107	-108.1445	2801.6865
-184.6132	-111.3400	2801.7101
-184.6201	-120.2874	2801.7764
-184.6236	-124.7613	2801.8097
-184.6246	-126.0396	2801.8192
-184.6290	-131.7919	2801.8620
-185.4514	-142.7979	2804.6764
-185.4554	-147.9165	2804.7147
-185.4593	-153.0353	2804.7530
-185.4632	-158.1542	2804.7914
-185.4667	-162.6334	2804.8251
-186.2907	-173.6823	2807.6463
-186.2966	-181.3691	2807.7043
-186.1182	-197.1848	2804.9506
-186.3146	-205.0721	2807.8839
-186.3156	-206.3534	2807.8936
-186.9515	-219.8016	2807.8607
-186.9540	-223.0050	2807.8852
-186.9554	-224.9272	2807.8999
-187.7841	-239.2586	2810.7534
-187.7870	-243.1070	2810.7829
-187.7880	-244.3898	2810.7928
-187.7985	-258.5013	2810.9013
-187.8014	-262.3501	2810.9310
-187.8052	-267.4819	2810.9706
-187.8061	-268.7649	2810.9805
-188.6327	-278.0199	2813.8017
-188.6440	-293.4323	2813.9214
-188.6450	-294.7167	2813.9314
-189.4737	-304.6506	2816.7641
-189.2872	-315.2595	2813.9559
-189.2881	-316.5440	2813.9660
-190.3181	-333.9124	2819.7543
-190.3219	-339.0615	2819.7948
-190.3233	-340.9924	2819.8101
-191.1501	-343.9070	2822.5996
-165.8883	302.2121	2745.8693
-165.8893	300.9608	2745.8773
-164.1799	288.2303	2737.9834
-179.8794	199.5255	2788.9072
-179.8831	195.0757	2788.9373
-179.8868	190.6258	2788.9674
-179.8911	185.5401	2789.0019
-179.8948	181.0900	2789.0321
-179.8996	175.3684	2789.0710
-179.9038	170.2823	2789.1056
-179.9080	165.1962	2789.1403
-179.9133	158.8383	2789.1838
-180.7221	155.1757	2791.9175
-179.9207	149.9369	2789.2447
-179.9223	148.0295	2789.2578
-180.7343	140.5373	2792.0181
-180.7380	136.0820	2792.0488
-180.7422	130.9900	2792.0839
-180.7464	125.8980	2792.1191
-180.5683	118.7755	2789.3252
-180.5709	115.5960	2789.3472
-180.7589	110.6211	2792.2249
-180.7631	105.5285	2792.2603
-180.7673	100.4358	2792.2957
-181.3940	95.3398	2792.1969
-181.3982	90.2471	2792.2325
-181.3987	89.6105	2792.2369
-181.5893	82.6920	2795.1343
-181.4096	76.2414	2792.3305
-181.4133	71.7848	2792.3617
-181.4169	67.3282	2792.3930
-181.4236	59.0513	2792.4513
-182.2374	52.0990	2795.2151
-181.4303	50.7741	2792.5097
-181.4349	45.0435	2792.5502
-181.4391	39.9496	2792.5862
-181.4406	38.0393	2792.5997
-182.2544	31.0657	2795.3642
-182.2591	25.3290	2795.4050
-182.2627	20.8669	2795.4368
-182.2668	15.7674	2795.4732
-182.2708	10.6677	2795.5096
-182.4604	6.2124	2798.3967
-182.2734	7.4803	2795.5324
-182.2861	-8.4572	2795.6467
-182.2877	-10.3698	2795.6604
-183.1042	-18.6758	2798.4410
-183.1082	-23.7814	2798.4779
-183.1118	-28.2488	2798.5102
-183.1158	-33.3546	2798.5471
-183.1199	-38.4606	2798.5842
-183.1239	-43.5666	2798.6212
-183.1285	-49.3111	2798.6630
-73.6675	387.9441	2756.9611
-73.7417	387.0747	2759.7224
-73.6730	377.9213	2757.0234
-73.6754	373.5361	2757.0508
-72.9839	370.0445	2754.4229
-70.6567	348.2292	2760.4683
-74.1337	348.6699	2773.8246
-69.8954	348.1725	2755.0612
-75.6347	333.1235	2759.7555
-70.5907	313.1269	2733.2629
-75.6347	333.1235	2759.7555
-70.5907	313.1269	2733.2629
-70.5933	308.1578	2733.2939
-71.2807	305.3461	2735.9201
-71.2847	297.8851	2735.9667
-70.6010	293.8712	2733.3829
-70.6039	288.2805	2733.4178
-70.6069	282.6897	2733.4527
-71.2943	279.8532	2736.0794
-71.3676	275.1494	2738.8230
-70.6827	271.7749	2736.2300
-65.1736	268.8149	2712.8450
-52.3288	234.4805	2592.3773
-50.4368	228.5506	2585.4022
-50.4374	227.3753	2585.4091
-50.5810	224.4759	2592.7135
-50.5832	219.7615	2592.7414
-51.7070	211.8944	2590.1698
-51.6601	208.7559	2587.7592
-51.6626	203.4618	2587.7906
-51.6637	201.1089	2587.8045
-51.1783	197.3627	2592.7819
-69.6196	184.5044	2670.4874
-73.6178	-18.1185	2726.7792
-73.6181	-18.7386	2726.7833
-73.6201	-23.0797	2726.8117
-74.3194	-49.1744	2729.5779
-74.6166	-55.5976	2740.4528
-74.3194	-49.1744	2729.5779
-74.3208	-52.2786	2729.5983
-74.5425	-54.9211	2737.7323
-74.6198	-62.4538	2740.4982
-75.3133	-66.8810	2743.1485
-74.6233	-69.9336	2740.5478
-75.2447	-79.9058	2740.5135
-75.2456	-81.7758	2740.5260
-75.3225	-86.8473	2743.2812
-75.2516	-94.8665	2740.6130
-75.2545	-101.1004	2740.6545
-75.2567	-106.0877	2740.6878
-76.0264	-111.2907	2746.0705
-75.9533	-116.1742	2743.3762
-75.2632	-120.4268	2740.7835
-75.2638	-121.6737	2740.7918
-75.9601	-131.1519	2743.4765
-75.9620	-135.5205	2743.5058
-75.9637	-139.2652	2743.5309
-76.5837	-144.8799	2743.4679
-75.8957	-155.3406	2740.9170
-76.5904	-159.8593	2743.5687
-76.5929	-165.4768	2743.6065
-75.9028	-171.5535	2741.0261
-75.9034	-172.8007	2741.0345
-77.2960	-186.2551	2746.3732
-77.2977	-190.0042	2746.3986
-76.5274	-189.0116	2741.0434
-76.5341	-204.6031	2741.1488
-77.2278	-205.4245	2743.7758
-76.5363	-209.5926	2741.1826
-77.3082	-214.3749	2746.5639
-77.2337	-219.1592	2743.8690
-77.1607	-227.0528	2741.2005
-77.1609	-227.6765	2741.2048
-77.2398	-233.5192	2743.9667
-77.9386	-243.1192	2746.6588
-77.9428	-253.1195	2746.7271
-77.9449	-258.1198	2746.7613
-77.9470	-263.1202	2746.7955
-77.9480	-265.6205	2746.8126
-77.9509	-272.4963	2746.8597
-77.8775	-281.5961	2744.1944
-78.5740	-284.3683	2746.8403
-78.5758	-288.7441	2746.8704
-78.5773	-292.4949	2746.8962
-78.5788	-296.2458	2746.9219
-78.5816	-303.1225	2746.9692
-79.2016	-307.4932	2746.8985
-79.2826	-313.4280	2749.6725
-79.2054	-316.8710	2746.9631
-79.2069	-320.6222	2746.9890
-79.2097	-327.4997	2747.0365
-79.2901	-332.2030	2749.8022
-79.9912	-339.4156	2752.4896
-79.2127	-335.0026	2747.0883
-79.2184	-349.3839	2747.1879
-79.8378	-352.5041	2747.1086
-79.9191	-357.8585	2749.8790
-79.9218	-364.7438	2749.9269
-79.8437	-367.5117	2747.2128
-79.8442	-368.7624	2747.2215
-79.9243	-371.0034	2749.9704
-80.5477	-382.8902	2749.9521
-80.4716	-392.5198	2747.2859
-81.1742	-402.9157	2749.9908
-81.1759	-407.2981	2750.0214
-81.8784	-413.9590	2752.7055
-81.1797	-417.3152	2750.0915
-81.1802	-418.5674	2750.1003
-81.8834	-427.1197	2752.7978
-81.8858	-433.3871	2752.8418
-82.6711	-438.0035	2758.2666
-81.8086	-444.2307	2750.1792
-81.8088	-444.8569	2750.1836
-82.5946	-453.2558	2755.6245
-82.5969	-459.5300	2755.6687
-83.2192	-465.7959	2755.6115
-82.4375	-471.7750	2750.2719
-82.4377	-472.4012	2750.2763
-73.7414	387.7018	2759.7184
-73.7417	387.0747	2759.7224
-73.6744	375.4155	2757.0391
-73.6754	373.5361	2757.0508
-74.1337	348.6699	2773.8246
-69.2029	354.0885	2752.3783
-69.8947	349.4244	2755.0534
-69.8954	348.1725	2755.0612
-75.6347	333.1235	2759.7555
-70.5907	313.1269	2733.2629
-71.2774	311.5635	2735.8813
-71.2780	310.3201	2735.8891
-70.5963	302.5675	2733.3287
-70.5996	296.3559	2733.3674
-71.2870	293.5327	2735.9938
-71.2890	289.8020	2736.0172
-70.6761	284.2115	2736.1521
-71.2943	279.8532	2736.0794
-70.6105	275.8563	2733.4955
-70.6827	271.7749	2736.2300
-52.3288	234.4805	2592.3773
-52.2812	231.3184	2589.9626
-51.0666	229.9355	2587.7265
-52.3300	232.1235	2592.3912
-50.5815	223.2973	2592.7205
-50.5832	219.7615	2592.7414
-51.0269	213.2671	2585.4002
-51.6603	208.1677	2587.7627
-52.2944	204.2364	2590.1226
-51.1775	199.1308	2592.7714
-51.1783	197.3627	2592.7819
-69.6196	184.5044	2670.4874
-73.6178	-18.1185	2726.7792
-73.6181	-18.7386	2726.7833
-73.6201	-23.0797	2726.8117
-74.3194	-49.1744	2729.5779
-74.5423	-54.2984	2737.7282
63.3434	236.9974	2360.3682
29.1748	379.1083	2701.2803
29.2030	378.8610	2703.9067
28.6463	377.7476	2709.1085
29.2020	374.5719	2703.9321
29.1710	363.1925	2701.3744
29.1707	361.9681	2701.3816
28.6136	357.1433	2706.5956
28.6128	354.0765	2706.6138
28.5835	347.6073	2704.0220
30.3006	341.3975	2693.7969
29.7488	343.2748	2698.9418
31.4583	337.0931	2688.7550
63.3434	236.9974	2360.3682
64.3040	233.9317	2356.4984
63.8229	229.3149	2358.4636
63.3407	223.0850	2360.4404
61.0229	198.5619	2374.3904
61.0228	198.0235	2374.3932
61.1260	191.8893	2378.4900
43.0059	167.8759	2617.8177
40.9675	148.7882	2564.7192
40.9673	147.6253	2564.7258
43.6183	88.9822	2551.2731
43.6985	88.5658	2555.9628
44.3181	88.0680	2558.3804
43.6183	88.9822	2551.2731
43.7785	85.8255	2560.6828
44.3169	81.6871	2558.4167
44.3162	78.2065	2558.4366
44.2745	73.4981	2556.1133
44.2732	67.1225	2556.1496
44.2727	64.8041	2556.1628
43.7737	61.4388	2560.8218
42.6120	53.3080	2560.7384
44.1894	54.8495	2551.5318
43.1126	53.7900	2556.0960
39.7092	38.2070	2560.4975
39.1652	37.0796	2562.7968
41.9034	-10.5483	2553.9875
42.0581	-11.7467	2563.4049
41.9806	-11.1464	2558.6877
42.0579	-12.9094	2563.4116
41.9034	-10.5483	2553.9875
41.9797	-15.7888	2558.7143
41.4364	-26.2580	2561.0641
41.9771	-29.7167	2558.7943
41.3966	-34.9399	2558.7591
41.3569	-43.0265	2556.4550
41.3568	-43.6063	2556.4583
41.3946	-45.3864	2558.8192
39.1465	-57.6777	2563.3421
39.1100	-59.3686	2560.9926
39.6514	-69.7628	2558.7633
39.1074	-72.7302	2561.0697
39.1068	-76.2160	2561.0899
39.0698	-80.7908	2558.7612
39.0691	-84.8539	2558.7847
39.0685	-87.7562	2558.8015
39.0672	-94.7219	2558.8417
39.0666	-98.2048	2558.8619
41.2697	-103.1516	2552.1121
40.1500	-106.7204	2554.3447
39.6064	-115.5162	2556.6767
39.6062	-116.6762	2556.6834
39.6054	-121.3164	2556.7103
39.6033	-132.9171	2556.7774
39.6030	-134.6573	2556.7875
39.0581	-145.2291	2559.1343
39.0940	-146.5231	2561.4971
38.4766	-156.2599	2559.1326
38.4765	-156.8405	2559.1359
38.4756	-162.0663	2559.1663
38.4748	-166.7115	2559.1933
38.4744	-169.0341	2559.2068
38.4734	-174.8407	2559.2406
38.4725	-180.0669	2559.2710
37.9270	-186.0414	2561.5955
37.9619	-187.3740	2563.9630
38.4704	-192.2616	2559.3420
38.9761	-203.5082	2554.7746
38.4331	-203.1112	2557.0538
38.5389	-209.4833	2564.1578
38.5388	-210.0651	2564.1612
38.4663	-217.2338	2559.4875
38.4656	-221.2993	2559.5112
37.8851	-227.1057	2559.4794
37.8848	-228.8481	2559.4896
37.9540	-235.0832	2564.2417
37.8831	-239.3028	2559.5507
37.8824	-243.9495	2559.5778
37.8813	-250.3389	2559.6152
37.3342	-263.3555	2561.9815
37.3341	-263.9370	2561.9849
23.4290	-300.1380	2694.2972
23.4288	-301.3609	2694.3047
23.4273	-309.9218	2694.3576
22.8388	-316.3372	2696.9358
22.8379	-321.2340	2696.9662
22.8375	-323.6825	2696.9813
22.8365	-329.1916	2697.0155
22.8357	-334.0887	2697.0458
22.8345	-340.8224	2697.0876
22.2450	-346.6614	2699.6674
22.2445	-349.1125	2699.6826
22.2211	-358.5732	2697.1277
22.2210	-359.1854	2697.1315
22.2417	-365.6579	2699.7854
21.6513	-370.2999	2702.3628
22.2182	-375.7157	2697.2343
22.2179	-377.5524	2697.2457
22.2175	-380.0015	2697.2609
21.6269	-388.9431	2699.8602
21.6474	-393.6107	2702.5081
21.6256	-396.9105	2699.9099
21.6032	-404.4903	2697.3433
21.6030	-405.7150	2697.3509
21.6229	-413.4592	2700.0131
21.0110	-419.5855	2699.9812
21.0105	-422.6503	2700.0003
21.0098	-426.9410	2700.0271
21.0089	-432.4578	2700.0616
21.0289	-436.5545	2702.7062
21.0065	-447.7829	2700.1574
20.3954	-449.0056	2700.0948
20.3938	-459.4272	2700.1600
20.4131	-464.1639	2702.8088
20.4128	-466.0049	2702.8203
63.3434	236.9974	2360.3682
29.1748	379.1083	2701.2803
28.6463	377.7476	2709.1085
29.2030	378.8610	2703.9067
29.2020	374.5719	2703.9321
28.6461	377.1337	2709.1122
28.6137	357.7566	2706.5920
28.6136	357.1433	2706.5956
29.7491	344.4981	2698.9345
29.1670	346.6634	2701.4722
29.1667	345.4390	2701.4795
31.4583	337.0931	2688.7550
63.3434	236.9974	2360.3682
64.3040	233.9317	2356.4984
63.3434	236.9974	2360.3682
63.3432	235.9273	2360.3737
63.8229	229.3149	2358.4636
63.3407	223.0850	2360.4404
61.0229	198.5619	2374.3904
61.0228	198.0235	2374.3932
60.1513	195.9936	2382.4270
61.7172	187.7365	2380.6088
61.2302	188.9750	2382.5836
43.0059	167.8759	2617.8177
40.9675	148.7882	2564.7192
40.9673	147.6253	2564.7258
44.3181	88.0680	2558.3804
43.6183	88.9822	2551.2731
43.7785	85.8255	2560.6828
44.3179	86.9078	2558.3870
43.6183	88.9822	2551.2731
44.2753	77.5551	2556.0902
44.2745	73.4981	2556.1133
43.7752	68.9874	2560.7787
44.2726	64.2245	2556.1661
44.1894	54.8495	2551.5318
42.6120	53.3080	2560.7384
39.8945	44.2188	2572.2996
39.7092	38.2070	2560.4975
39.1652	37.0796	2562.7968
41.9034	-10.5483	2553.9875
42.0581	-11.7467	2563.4049
41.9806	-11.1464	2558.6877
41.9034	-10.5483	2553.9875
41.9806	-11.1464	2558.6877
41.9797	-15.7888	2558.7143
42.0174	-21.6110	2561.1025
41.9771	-29.7167	2558.7943
41.3965	-35.5202	2558.7625
41.3569	-43.0265	2556.4550
41.3947	-44.8061	2558.8159
149.3875	266.0819	2354.0340
130.5262	371.1306	2651.6432
130.0478	369.6801	2654.1199
130.5262	371.1306	2651.6432
130.0478	369.6801	2654.1199
130.5268	362.1420	2651.6928
130.5270	359.1457	2651.7093
130.0488	355.8845	2654.1961
130.0489	354.0850	2654.2060
130.0495	345.0874	2654.2557
130.0495	344.4875	2654.2590
149.2287	271.0165	2359.9210
149.3875	265.5498	2354.0366
149.5458	256.3945	2348.1999
149.9536	252.9990	2346.2869
149.9537	251.9382	2346.2922
149.0132	248.9631	2348.2002
149.8287	243.7798	2344.3695
149.7040	236.1641	2342.4473
149.7041	235.1050	2342.4525
149.7043	230.8686	2342.4736
149.1731	219.2183	2342.4949
149.1731	218.6887	2342.4976
148.6069	207.7275	2350.3392
148.4826	202.2454	2348.3965
147.7881	195.8322	2354.2746
148.0371	190.8278	2358.2628
147.2143	185.2728	2362.1928
146.8019	181.6864	2364.1667
146.5125	177.7081	2368.1457
146.2221	175.3253	2372.1300
137.6436	158.2338	2509.0849
136.7500	149.4232	2513.5517
137.6441	144.0513	2509.1600
137.1977	139.6371	2511.3915
136.9525	133.1535	2506.9359
136.6281	131.1195	2511.3978
136.9528	126.3513	2506.9720
136.9529	120.6827	2507.0020
136.9530	117.2815	2507.0200
136.9532	113.3133	2507.0410
136.5065	108.3078	2509.2718
136.9535	101.4085	2507.1041
136.9536	100.2746	2507.1101
136.9537	95.1724	2507.1372
136.9538	90.6369	2507.1612
136.6294	86.8233	2511.6329
137.0766	83.9085	2509.4401
137.0768	77.0990	2509.4762
137.0769	73.1267	2509.4973
136.5076	68.5868	2509.4826
136.6300	64.1043	2511.7537
136.9547	57.1856	2507.3387
136.9547	56.0516	2507.3447
136.3859	49.8142	2507.3390
136.3859	49.2472	2507.3420
135.6120	43.1259	2514.0386
134.7998	35.6698	2509.5404
134.7999	33.3995	2509.5525
134.7999	28.8590	2509.5766
134.8000	24.3183	2509.6008
134.9209	19.7957	2511.8724
134.6796	14.0883	2507.4117
134.8003	8.4253	2509.6854
134.9212	3.8884	2511.9572
135.6964	-5.7563	2505.3559
136.0217	-2.9189	2500.9123
136.3870	-13.1335	2507.6737
136.3871	-20.5067	2507.7129
136.3872	-25.6114	2507.7401
136.3873	-29.0146	2507.7582
136.3873	-32.9851	2507.7793
135.8183	-39.2248	2507.7738
136.3874	-42.0606	2507.8277
135.6134	-47.2900	2514.5208
135.9401	-46.6395	2510.0570
132.6416	-63.1624	2512.1575
132.7607	-67.7682	2514.4340
133.0923	-69.3524	2509.9822
132.7607	-75.1628	2514.4736
132.7607	-83.6953	2514.5193
132.7607	-85.9706	2514.5315
134.1115	-97.6573	2507.9683
134.4399	-99.1847	2503.5395
135.5762	-107.1128	2503.6599
135.9406	-111.9385	2510.4056
135.8190	-116.3793	2508.1854
135.8190	-122.6207	2508.2187
135.8190	-123.7556	2508.2248
135.4925	-130.7954	2512.7156
135.8190	-133.4018	2508.2763
135.8191	-140.2111	2508.3127
135.8191	-142.4810	2508.3249
132.0715	-160.9282	2512.6418
131.5013	-166.0455	2512.6295
131.5013	-170.0252	2512.6509
131.6193	-178.7112	2514.9500
131.3833	-184.0764	2510.4779
133.6328	-197.4037	2499.5642
130.9310	-192.7683	2512.7333
131.8348	-195.2649	2508.3333
134.3199	-203.2375	2501.8632
135.0082	-208.5151	2504.1630
134.6470	-205.7054	2497.4621
135.2500	-215.6943	2508.6782
135.2500	-220.2354	2508.7026
134.9224	-227.4492	2513.1952
135.2499	-230.4530	2508.7574
135.2499	-231.5883	2508.7635
134.6807	-237.8335	2508.7583
134.6807	-238.9688	2508.7644
134.8014	-245.9981	2511.0465
133.0920	-263.0472	2511.0212
133.2114	-265.5548	2513.2833
133.0920	-268.1614	2511.0488
133.2114	-268.9673	2513.3017
123.6859	-305.1276	2649.9637
123.6859	-309.3255	2649.9874
123.5690	-312.6323	2647.5083
123.5689	-317.4256	2647.5353
123.5688	-321.6199	2647.5590
123.0846	-327.3188	2650.0485
123.0846	-332.1169	2650.0756
123.4520	-336.2865	2645.1486
123.4519	-339.2799	2645.1655
123.5685	-346.7870	2647.7012
123.4518	-351.8522	2645.2365
123.0843	-354.9093	2650.2046
122.9679	-360.5712	2647.7386
122.9678	-364.7662	2647.7623
122.9677	-369.5606	2647.7895
122.9676	-376.1530	2647.8268
122.9676	-380.3482	2647.8505
122.3670	-386.3428	2647.8438
122.8514	-385.3829	2645.3855
122.8512	-397.3588	2645.4534
122.8512	-398.5564	2645.4601
122.4825	-405.9011	2650.4529
122.3667	-409.1190	2647.9729
122.3667	-409.7184	2647.9763
122.3665	-418.1101	2648.0239
122.3665	-422.9055	2648.0511
122.4821	-429.9004	2650.5892
122.3663	-433.6955	2648.1124
122.2507	-437.4837	2645.6401
122.3662	-440.8892	2648.1532
121.7656	-447.4848	2648.1499
121.8807	-453.3032	2650.6814
121.7654	-457.6764	2648.2078
121.8806	-457.5037	2650.7053
121.7654	-457.6764	2648.2078
130.5262	371.1306	2651.6432
130.5263	369.9321	2651.6498
130.0481	366.0813	2654.1398
130.5270	359.7450	2651.7060
130.0488	355.8845	2654.1961
130.0495	345.0874	2654.2557
130.0495	344.4875	2654.2590
149.2287	271.0165	2359.9210
149.3875	266.0819	2354.0340
149.3875	265.5498	2354.0366
149.6709	260.8578	2350.1474
149.1376	257.1393	2350.1292
149.8286	245.3696	2344.3616
149.8288	243.2498	2344.3721
149.8291	238.4800	2344.3959
149.7041	235.1050	2342.4525
149.7043	230.8686	2342.4736
149.1731	219.2183	2342.4949
149.1731	218.6887	2342.4976
149.4231	215.3389	2346.4380
149.1731	218.6887	2342.4976
148.4824	206.4928	2348.3753
148.4826	202.2454	2348.3965
147.7881	195.8322	2354.2746
148.4826	202.2454	2348.3965
147.7881	195.8322	2354.2746
148.0371	190.8278	2358.2628
146.5125	178.2435	2368.1430
146.2221	175.3253	2372.1300
146.9260	179.1639	2366.1759
146.2221	175.3253	2372.1300
137.6436	157.0993	2509.0909
137.6438	152.5609	2509.1149
136.7500	149.4232	2513.5517
137.1976	143.0440	2511.3735
137.1977	139.6371	2511.3915
136.9525	133.1535	2506.9359
136.9527	126.9182	2506.9690
136.9528	125.7845	2506.9750
136.9529	120.6827	2507.0020
136.5062	119.0881	2509.2146
136.9532	113.3133	2507.0410
136.3844	108.7782	2507.0261
136.9535	101.4085	2507.1041
136.6291	99.3178	2511.5666
136.6291	98.7499	2511.5696
136.9538	90.0700	2507.1642
136.9539	87.8023	2507.1763
137.0767	79.3689	2509.4642
137.1995	80.0079	2511.7079
136.6298	72.6241	2511.7084
136.5076	68.5868	2509.4826
137.0771	65.1819	2509.5395
136.5078	59.5068	2509.5309
136.9547	56.0516	2507.3447
136.0603	51.0398	2511.7842
136.3859	49.2472	2507.3420
135.4905	41.3829	2511.7966
134.7998	35.6698	2509.5404
134.9207	32.2937	2511.8058
134.9208	27.7490	2511.8300
134.8000	23.7507	2509.6038
134.6795	16.3568	2507.3996
134.8002	14.6691	2509.6522
134.8002	10.1282	2509.6764
134.4717	6.1668	2514.1573
135.3699	1.6140	2509.7609
135.5752	-3.4873	2503.1081
135.6964	-5.7563	2505.3559
136.1433	-8.0162	2503.1712
136.0615	-14.8603	2512.1351
136.3871	-20.5067	2507.7129
136.3872	-25.6114	2507.7401
136.3873	-29.0146	2507.7582
136.3873	-34.1195	2507.7854
135.9400	-38.6912	2510.0146
136.3874	-42.0606	2507.8277
235.7563	269.1842	2278.4843
226.3108	363.2344	2602.1749
226.3116	360.8885	2602.1866
226.5212	357.1089	2604.6021
226.1416	351.5640	2607.0179
226.3173	344.4667	2602.2689
226.0759	341.4567	2592.7542
235.7563	269.1842	2278.4843
235.3783	264.1389	2274.8363
235.5162	259.6190	2271.2130
235.6547	252.0462	2267.6153
235.6548	251.5350	2267.6176
235.4676	245.7159	2265.8245
234.9549	242.1425	2265.8252
234.9567	236.5233	2265.8508
235.4710	234.9884	2265.8735
234.9585	230.3931	2265.8789
234.9596	226.8171	2265.8952
234.9602	224.7736	2265.9046
234.6370	216.7743	2267.7453
234.3124	211.8321	2269.5749
234.5021	207.3920	2271.4209
233.8503	199.5201	2275.0856
233.7122	195.2173	2278.7615
233.7627	190.0238	2284.2995
233.7122	195.2173	2278.7615
233.7627	190.0238	2284.2995
233.4339	188.6319	2286.1394
233.2519	175.0966	2304.7957
233.0196	167.7384	2522.2438
227.5449	151.6002	2463.0204
227.5456	148.8233	2463.0340
227.9062	144.8088	2460.9242
227.5476	141.0480	2463.0721
227.9457	137.3984	2467.3890
227.1539	132.4874	2458.8296
227.3529	127.6077	2460.9939
226.9951	118.2773	2463.1693
226.9959	114.9446	2463.1856
226.7995	109.8502	2461.0665
226.7996	109.2953	2461.0692
226.4409	101.6145	2463.2365
226.8029	95.4204	2461.1374
226.6409	91.1394	2465.4360
226.6410	90.5834	2465.4388
226.8054	84.8751	2461.1893
226.8068	78.7697	2461.2194
226.8077	74.8843	2461.2385
226.4479	71.0614	2463.3870
226.8098	65.4483	2461.2850
226.8104	62.6730	2461.2987
226.4516	54.3946	2463.4693
226.4527	49.3944	2463.4940
226.8139	46.5754	2461.3782
225.5359	33.8676	2465.6895
225.1739	32.2279	2467.8348
224.7824	27.1702	2463.5595
225.1443	27.7012	2461.4272
224.7837	20.5023	2463.5925
224.9819	9.9537	2465.7933
225.5108	2.1602	2459.4277
225.5109	1.6054	2459.4305
225.3156	-2.2764	2457.3124
225.5121	-4.4967	2459.4608
225.7099	-11.7179	2461.6376
225.5461	-17.8556	2465.9463
225.7108	-16.7151	2461.6624
225.7126	-26.1546	2461.7093
225.7130	-28.3756	2461.7204
225.3522	-32.8462	2463.8726
225.9112	-36.1801	2463.9039
225.7154	-41.7025	2461.7867
225.3553	-50.6313	2463.9612
225.3554	-51.1871	2463.9640
224.6316	-59.0710	2468.2745
224.2418	-70.6432	2464.0313
224.0474	-76.6923	2461.9166
223.6857	-85.0972	2464.0886
224.7754	-99.8462	2457.7834
224.4133	-98.2681	2459.8982
224.4134	-99.3780	2459.9038
224.5811	-106.9631	2455.6851
224.7766	-108.1634	2457.8251
225.1690	-112.7921	2462.1272
224.9744	-122.6854	2460.0355
224.8086	-124.5653	2464.3164
225.1713	-128.3453	2462.2052
225.1721	-133.9003	2462.2331
225.1726	-137.7888	2462.2526
225.1731	-141.6774	2462.2722
224.6157	-145.5680	2462.2769
222.5796	-161.8262	2464.4437
222.5804	-167.9431	2464.4745
222.9450	-172.2416	2462.3661
222.9452	-173.9084	2462.3745
222.3885	-185.0232	2462.4152
222.3886	-186.1345	2462.4208
224.0366	-197.8392	2456.1266
224.0371	-202.2729	2456.1490
224.2326	-207.4385	2458.3094
224.2327	-207.9932	2458.3122
224.6248	-219.4639	2462.6498
224.6251	-222.2424	2462.6639
224.6259	-228.9108	2462.6977
225.1844	-232.7978	2462.7320
224.9893	-242.5923	2460.6401
224.2653	-249.1342	2464.9308
224.2660	-255.8092	2464.9648
223.7078	-259.7062	2464.9697
224.0716	-266.7050	2462.8747
223.7086	-268.0503	2465.0122
219.1620	-308.5946	2595.9333
219.1622	-310.9380	2595.9457
219.3641	-315.9112	2598.3539
218.7760	-320.6067	2598.3650
219.1634	-323.2413	2596.0108
218.7769	-330.5760	2598.4178
218.9783	-332.0501	2600.8120
218.7778	-340.5457	2598.4707
218.7782	-344.6510	2598.4925
218.7785	-348.1698	2598.5112
218.7790	-354.0347	2598.5423
218.7793	-356.9672	2598.5579
218.9811	-363.1617	2600.9772
218.7802	-368.1109	2598.6171
218.7805	-371.6301	2598.6358
218.7809	-376.9090	2598.6639
218.9827	-382.5350	2601.0803
218.5951	-388.1766	2603.4875
218.7821	-392.1596	2598.7451
218.3954	-406.0251	2601.1919
218.3956	-409.5480	2601.2107
218.3961	-416.5940	2601.2483
218.7845	-423.8368	2598.9142
218.7848	-429.1167	2598.9424
218.3975	-435.9716	2601.3520
218.3976	-437.7332	2601.3614
218.3979	-443.0183	2601.3897
218.9874	-447.7104	2601.4285
218.9875	-448.2976	2601.4317
218.5997	-451.6501	2603.8270
235.7563	269.1842	2278.4843
226.3108	363.2344	2602.1749
226.5204	359.4570	2604.5903
226.5212	357.1089	2604.6021
225.9024	342.6682	2597.4978
226.1436	345.6882	2607.0474
225.9024	342.6682	2597.4978
226.3175	343.8801	2602.2719
226.0759	341.4567	2592.7542
235.7563	269.1842	2278.4843
235.5157	261.1550	2271.2060
235.5160	260.1310	2271.2107
235.3289	253.7843	2269.4142
235.1410	250.5150	2267.6066
235.4676	245.7159	2265.8245
234.9549	242.1425	2265.8252
234.9567	236.5233	2265.8508
235.4710	234.9884	2265.8735
234.9587	229.8822	2265.8812
234.9601	225.2845	2265.9023
234.9602	224.7736	2265.9046
234.6366	218.3081	2267.7382
234.6370	216.7743	2267.7453
234.3124	211.8321	2269.5749
234.5021	207.3920	2271.4209
233.8503	199.5201	2275.0856
233.7120	195.7311	2278.7591
233.8503	199.5201	2275.0856
233.7122	195.2173	2278.7615
233.4339	188.6319	2286.1394
232.6816	177.7826	2299.1548
233.0196	167.7384	2522.2438
227.5449	151.6002	2463.0204
227.5456	148.8233	2463.0340
227.9454	138.5112	2467.3836
227.5476	141.0480	2463.0721
227.1536	133.5963	2458.8242
227.3518	132.0472	2460.9722
227.3529	127.6077	2460.9939
226.9951	118.2773	2463.1693
226.7995	109.8502	2461.0665
226.4398	106.0583	2463.2146
226.4409	101.6145	2463.2365
226.8029	95.4204	2461.1374
226.8037	92.0903	2461.1538
226.6410	90.5834	2465.4388
226.8054	84.8751	2461.1893
226.8068	78.7697	2461.2194
226.8077	74.8843	2461.2385
226.8080	73.2192	2461.2467
226.8098	65.4483	2461.2850
226.8104	62.6730	2461.2987
226.4509	57.7281	2463.4528
226.4516	54.3946	2463.4693
226.8139	46.5754	2461.3782
225.7314	40.5766	2467.8082
225.5359	33.8676	2465.6895
225.1442	28.2564	2461.4244
225.1443	27.7012	2461.4272
224.7837	20.5023	2463.5925
224.6183	13.8593	2467.9110
225.5108	2.1602	2459.4277
225.3156	-2.2764	2457.3124
225.5118	-2.8325	2459.4525
225.3481	-10.6163	2463.7620
225.3482	-11.1721	2463.7647
225.7108	-16.7151	2461.6624
225.9091	-24.5092	2463.8458
225.3522	-32.8462	2463.8726
225.7139	-33.3731	2461.7452
225.7146	-37.2602	2461.7646
225.7154	-41.7025	2461.7867
225.3546	-46.7407	2463.9418
315.9696	266.4010	2273.8599
315.9594	268.8766	2277.4918
331.9806	309.5770	2424.6165
318.4036	356.0742	2557.7104
318.1191	354.6090	2555.4244
318.7028	341.9645	2555.4677
315.9594	268.8766	2277.4918
315.7079	267.1287	2275.6788
315.9600	267.8525	2277.4961
315.4726	254.2402	2270.2842
315.2348	247.5234	2264.8898
314.9769	242.1173	2266.7197
314.9783	239.5690	2266.7303
314.9813	233.9628	2266.7537
314.9834	229.8855	2266.7708
314.7354	225.1207	2264.9874
314.2258	221.5598	2265.0065
314.2274	218.5040	2265.0193
314.4793	215.1087	2266.8369
314.2199	210.6916	2268.6659
313.9613	203.7146	2270.5086
313.9519	198.4162	2274.1622
313.9415	195.1494	2277.8189
313.6904	195.5064	2275.9967
313.4169	189.8236	2281.5005
313.6701	185.8671	2283.3468
313.3695	180.2095	2296.2781
312.5445	173.4519	2309.3661
313.3695	180.2095	2296.2781
312.5445	173.4519	2309.3661
316.1860	163.6507	2433.8501
314.0260	140.1944	2425.6870
313.5074	137.0005	2417.4635
313.7598	138.4408	2423.6322
312.9653	129.3919	2417.5052
312.9535	123.0780	2421.6496
312.9538	122.5334	2421.6521
312.9580	112.7305	2421.6962
312.9582	112.1859	2421.6987
312.9605	106.7396	2421.7232
312.9610	105.6504	2421.7281
313.5273	90.7878	2417.6714
313.5183	79.5056	2421.8387
313.5190	77.8716	2421.8461
313.2548	72.9076	2419.8128
313.5362	69.0382	2417.7701
313.2554	71.2749	2419.8202
313.2606	58.2133	2419.8798
311.8745	48.5439	2426.1340
312.4369	50.0937	2421.9886
311.0650	40.8697	2424.1136
311.3296	41.4505	2426.1743
310.5225	28.3290	2424.1788
311.0702	26.6928	2424.1789
310.2601	23.9459	2422.1389
310.5239	24.5119	2424.1964
310.8267	19.0088	2418.0375
312.2086	-8.7240	2416.0942
312.7550	-11.9843	2416.1016
312.7563	-15.7886	2416.1193
312.7432	-21.2585	2420.2545
312.7451	-27.2470	2420.2825
312.7466	-31.6024	2420.3028
312.4829	-37.0163	2418.2755
312.4843	-41.3682	2418.2959
311.0780	-49.1938	2428.6710
310.7951	-50.3296	2430.7546
309.4782	-61.0122	2420.4862
308.6699	-62.0514	2418.4445
309.4600	-68.7520	2424.6473
309.4602	-69.2975	2424.6499
309.7443	-70.8733	2422.5897
308.9361	-75.1728	2420.5602
308.9580	-77.2208	2416.4592
308.9361	-75.1728	2420.5602
311.1639	-100.9636	2412.4468
311.9590	-111.0103	2418.6332
311.9601	-115.3634	2418.6540
312.5074	-120.8022	2418.6722
312.2428	-122.3326	2416.6301
311.9637	-128.9674	2418.7192
311.9640	-130.0558	2418.7244
312.2316	-140.5126	2420.8276
312.2482	-143.5374	2416.7319
311.4050	-146.0879	2422.9267
310.8406	-148.5237	2427.0778
310.2759	-157.5326	2431.2749
309.4841	-159.3194	2425.0811
309.2001	-160.0027	2427.1558
311.1896	-208.4500	2412.9655
311.4536	-209.7109	2415.0146
311.7181	-210.9739	2417.0671
311.9830	-212.7834	2419.1257
311.4536	-209.7109	2415.0146
311.9830	-212.7834	2419.1257
311.9841	-218.2269	2419.1524
311.9849	-222.0374	2419.1711
311.9854	-224.7593	2419.1845
311.9862	-228.5699	2419.2032
311.9868	-231.8362	2419.2193
312.2526	-235.2994	2421.2895
311.1445	-247.7177	2425.4914
311.4266	-246.9592	2423.4195
311.9890	-243.2685	2419.2757
311.1460	-255.9052	2425.5320
311.1463	-257.5427	2425.5401
310.6376	-267.0118	2417.3586
310.3382	-298.2025	2549.5202
310.8961	-308.5015	2554.1344
310.6180	-309.3776	2551.8562
310.8972	-314.8246	2554.1669
310.5998	-316.8365	2556.4752
310.6019	-328.9194	2556.5374
310.6020	-329.4948	2556.5404
310.6218	-331.2026	2551.9683
311.1798	-336.9673	2556.5676
310.9020	-342.9932	2554.3119
310.3269	-349.3251	2554.3558
310.3272	-351.0499	2554.3647
310.6255	-354.7527	2552.0899
310.6266	-361.6458	2552.1256
310.9054	-364.8403	2554.4250
310.3302	-370.5983	2554.4661
310.6281	-371.4113	2552.1763
310.0533	-376.5900	2552.2142
310.3321	-383.8230	2554.5349
310.3326	-387.2731	2554.5529
310.6128	-400.8533	2556.9108
310.6315	-395.5396	2552.3020
310.3549	-404.9485	2550.0723
310.3551	-406.6706	2550.0813
310.6336	-411.6263	2552.3862
310.3365	-416.6004	2554.7063
310.6349	-421.9684	2552.4404
310.6355	-426.5650	2552.4646
310.3383	-430.9778	2554.7819
310.9150	-436.1440	2554.7979
310.9154	-439.5946	2554.8161
310.3398	-444.2057	2554.8516
310.6181	-444.0234	2557.1378
310.3398	-444.2057	2554.8516
310.6181	-444.0234	2557.1378
310.3398	-444.2057	2554.8516
315.9594	268.8766	2277.4918
331.9806	309.5770	2424.6165
318.1188	355.1834	2555.4219
318.4036	356.0742	2557.7104
318.1188	355.1834	2555.4219
318.1191	354.6090	2555.4244
318.7028	341.9645	2555.4677
315.9594	268.8766	2277.4918
315.9600	267.8525	2277.4961
315.4703	258.3237	2270.2672
315.4726	254.2402	2270.2842
314.9769	242.1173	2266.7197
314.9783	239.5690	2266.7303
314.7306	234.2875	2264.9491
314.9834	229.8855	2266.7708
314.4735	226.3219	2266.7899
314.4754	222.7541	2266.8048
314.2274	218.5040	2265.0193
314.2199	210.6916	2268.6659
313.9499	202.5071	2274.1449
313.9400	198.2226	2277.8059
313.9519	198.4162	2274.1622
313.6904	195.5064	2275.9967
313.6793	192.7450	2279.6571
313.6577	185.6526	2287.0200
313.6462	183.3769	2290.7138
313.3695	180.2095	2296.2781
312.5445	173.4519	2309.3661
312.2765	173.0751	2311.2468
316.1860	163.6507	2433.8501
314.0260	140.1944	2425.6870
313.4908	143.7693	2421.5491
313.5074	137.0005	2417.4635
314.0263	139.6489	2425.6895
312.9535	123.0780	2421.6496
312.9689	121.2369	2417.5418
312.9717	114.7127	2417.5712
312.9582	112.1859	2421.6987
312.9747	107.6447	2417.6030
312.9610	105.6504	2421.7281
312.9782	99.4890	2417.6398
313.5273	90.7878	2417.6714
313.5183	79.5056	2421.8387
313.2519	79.9824	2419.7806
313.5190	77.8716	2421.8461
313.5362	69.0382	2417.7701
313.2554	71.2749	2419.8202
313.2606	58.2133	2419.8798
313.2612	56.5805	2419.8872
312.1558	49.5921	2424.0583
311.8745	48.5439	2426.1340
311.5941	43.6707	2428.2309
310.5581	33.1216	2415.9228
310.5225	28.3290	2424.1788
311.0702	26.6928	2424.1789
310.5239	24.5119	2424.1964
310.8267	19.0088	2418.0375
312.2086	-8.7240	2416.0942
312.7432	-21.2585	2420.2545
312.7588	-23.3973	2416.1547
312.7451	-27.2470	2420.2825
312.7466	-31.6024	2420.3028
312.4831	-37.5603	2418.2780
311.0780	-49.1938	2428.6710
312.2051	-46.3036	2420.3796
403.8363	282.7714	2496.1570
403.4866	281.9689	2493.9942
403.8363	282.7714	2496.1570
403.4866	281.9689	2493.9942
403.6968	278.9244	2491.8095
405.1514	266.6470	2476.5904
403.1453	270.5521	2491.8749
405.1514	266.6470	2476.5904
396.8533	238.6960	2354.2776
396.5753	232.6093	2362.1281
396.9905	218.9969	2358.2449
396.8697	215.4668	2354.3647
396.8726	211.2432	2354.3807
396.4687	209.4839	2358.3087
401.8690	201.4559	2494.4049
401.8716	197.5404	2494.4203
403.9631	178.0521	2472.7047
402.7194	179.5592	2485.7284
401.6728	180.9206	2496.6864
403.9631	178.0521	2472.7047
396.4655	156.0487	2374.2489
395.7321	150.3234	2376.2921
394.5565	134.6500	2372.4577
394.5568	134.1179	2372.4598
394.3530	130.5040	2374.4633
394.3556	126.2434	2374.4805
394.3619	115.5919	2374.5235
394.9876	100.4228	2368.6281
394.7820	101.0398	2370.6080
395.6035	96.9883	2362.7146
395.6041	95.9284	2362.7190
395.6047	94.8686	2362.7233
396.1771	91.0072	2372.5502
396.5084	84.1588	2374.5389
396.5110	79.3656	2374.5587
396.5119	77.7678	2374.5653
396.1898	68.1249	2372.6448
396.1901	67.5927	2372.6470
396.3153	63.4418	2376.6173
395.9903	58.5957	2374.6737
394.8472	46.4653	2380.7409
393.8722	38.3587	2374.8722
393.8732	36.2277	2374.8813
393.6715	26.1282	2376.9170
393.6736	21.8625	2376.9353
393.3513	15.4507	2374.9983
393.3526	12.7868	2375.0098
393.3529	12.2540	2375.0121
394.1849	-1.0639	2367.1323
393.7720	0.5308	2371.0875
394.1849	-1.0639	2367.1323
394.1016	-8.5181	2373.0849
394.4309	-15.9836	2375.0787
394.4318	-18.1149	2375.0881
394.4345	-23.9758	2375.1139
394.4362	-27.7056	2375.1303
394.4374	-30.3698	2375.1421
394.1167	-42.0585	2373.2328
394.4421	-41.0266	2375.1894
394.1167	-42.0585	2373.2328
393.9112	-44.2253	2375.2318
393.1775	-58.1311	2377.3150
392.8552	-65.0124	2375.3812
392.8565	-68.2101	2375.3956
392.8589	-74.0726	2375.4222
392.8593	-75.1385	2375.4270
393.1875	-82.6670	2377.4261
392.8652	-90.0618	2375.4950
392.8655	-90.5948	2375.4975
393.2833	-99.4880	2371.5626
393.2841	-101.6165	2371.5724
393.6113	-107.5569	2373.5580
393.4079	-117.2420	2375.5924
393.4089	-119.9071	2375.6048
393.4104	-124.1714	2375.6246
393.4118	-127.9027	2375.6421
393.4148	-136.4316	2375.6820
393.7428	-143.4783	2377.6799
392.3575	-159.3643	2375.8463
392.3582	-161.4969	2375.8564
392.3596	-165.7621	2375.8767
392.8945	-173.2210	2375.8845
392.8946	-173.7542	2375.8870
392.5726	-182.1365	2373.9656
392.5727	-182.6693	2373.9681
392.8984	-186.0171	2375.9460
393.3159	-196.3490	2372.0200
392.7851	-199.0166	2372.0608
392.7865	-203.8076	2372.0841
393.7641	-211.7772	2378.0077
393.1140	-214.0963	2374.0927
393.1143	-215.1619	2374.0979
393.4421	-224.9355	2376.1075
393.1189	-232.2118	2374.1817
393.1193	-233.8103	2374.1896
393.4463	-240.9334	2376.1865
393.4467	-242.5333	2376.1944
392.9169	-253.2069	2376.2755
392.9170	-253.7403	2376.2782
392.9187	-260.6736	2376.3128
397.8904	-300.1157	2505.7071
398.2398	-309.3802	2507.9376
397.8940	-314.7383	2505.7823
398.2444	-328.5194	2508.0366
397.8983	-332.7366	2505.8755
397.8985	-333.8615	2505.8814
397.8992	-336.6738	2505.8960
397.6880	-351.6123	2508.1910
397.6883	-352.7383	2508.1969
397.9043	-360.2990	2506.0197
397.9044	-360.8615	2506.0227
397.9045	-361.4240	2506.0256
398.2538	-371.8698	2508.2637
398.2543	-374.1220	2508.2756
398.2551	-378.0633	2508.2965
398.2559	-382.0048	2508.3175
398.2567	-386.5093	2508.3414
398.2579	-392.7033	2508.3744
398.2590	-398.3343	2508.4045
398.2592	-399.4605	2508.4105
398.2594	-400.5867	2508.4165
398.2611	-410.1598	2508.4679
398.8240	-417.4674	2508.4732
398.4786	-431.1748	2506.3645
398.4790	-433.4255	2506.3767
398.8274	-437.7411	2508.5830
403.8363	282.7714	2496.1570
403.4866	281.9689	2493.9942
403.8363	282.7714	2496.1570
403.4866	281.9689	2493.9942
403.8363	282.7714	2496.1570
403.4866	281.9689	2493.9942
405.1514	266.6470	2476.5904
403.6968	278.9244	2491.8095
403.6980	277.2483	2491.8158
403.1436	272.7869	2491.8665
405.1514	266.6470	2476.5904
397.7047	241.5251	2356.1706
396.8533	238.6960	2354.2776
398.2937	225.5487	2365.9896
398.2959	222.3655	2366.0016
396.9908	218.4681	2358.2469
396.8726	211.2432	2354.3807
401.8697	200.3372	2494.4093
401.8716	197.5404	2494.4203
401.8750	192.5061	2494.4401
401.3203	186.9180	2494.4961
401.3210	185.7992	2494.5005
402.7194	179.5592	2485.7284
403.9631	178.0521	2472.7047
396.4655	156.0487	2374.2489
395.7321	150.3234	2376.2921
394.3485	137.9598	2374.4334
394.4677	139.2577	2378.3882
394.5571	133.5858	2372.4620
394.3556	126.2434	2374.4805
394.6846	121.5502	2376.4637
394.3619	115.5919	2374.5235
395.6035	96.9883	2362.7146
395.3989	97.6008	2364.6847
395.7267	93.9653	2366.6473
395.5227	92.9826	2368.6305
395.6047	94.8686	2362.7233
396.5110	79.3656	2374.5587
396.5146	72.9745	2374.5851
396.1898	68.1249	2372.6448
396.1901	67.5927	2372.6470
395.9903	58.5957	2374.6737
396.1152	54.4262	2378.6509
393.8722	38.3587	2374.8722
393.8724	37.8259	2374.8745
393.8732	36.2277	2374.8813
393.6697	29.8606	2376.9011
393.6718	25.5950	2376.9193
393.3513	15.4507	2374.9983
393.3526	12.7868	2375.0098
393.6802	8.5321	2376.9928
394.1849	-1.0639	2367.1323
394.1011	-7.4534	2373.0802
394.4309	-15.9836	2375.0787
394.4318	-18.1149	2375.0881
394.4345	-23.9758	2375.1139
394.4364	-28.2384	2375.1327
394.4374	-30.3698	2375.1421
394.1167	-42.0585	2373.2328
