-179.3970	-109.2004	2779.7625
-177.7517	-50.1448	2773.9714
-176.9423	-34.9285	2771.1892
-176.9295	-18.4978	2771.0719
-176.2972	-0.1726	2771.0740
-176.2858	14.3603	2770.9713
-175.4785	29.4948	2768.1972
-175.4770	31.3883	2768.1840
-175.4586	54.7405	2768.0208
-175.2736	64.7724	2765.1573
-176.2428	68.6915	2770.5910
-176.0619	72.4082	2767.7661
-175.2616	79.9025	2765.0526
-175.2556	87.4671	2765.0004
-175.2444	101.3350	2764.9050
-174.6186	112.6844	2764.9591
-174.6099	123.3996	2764.8859
-174.6059	128.4419	2764.8515
-174.5947	142.3075	2764.7573
-173.7869	161.6867	2761.9703
-173.7782	172.3892	2761.8984
-173.7668	186.2386	2761.8056
-173.7627	191.2746	2761.7720
-173.7550	200.7167	2761.7091
-173.7467	210.7878	2761.6421
-173.7374	222.1173	2761.5671
-73.8558	-60.4673	2735.1584
-73.7849	-64.7592	2732.4811
-73.0988	-67.1810	2729.8966
-73.1014	-72.7691	2729.9334
-73.7193	-80.2190	2729.8828
-73.7932	-82.7831	2732.6003
-73.7952	-87.1339	2732.6291
-73.7258	-94.5007	2729.9774
-73.7261	-95.1217	2729.9815
-73.8017	-101.4301	2732.7239
-74.4937	-108.9937	2735.3800
-74.4221	-113.2388	2732.7024
-74.4224	-113.8605	2732.7066
-74.4255	-120.6984	2732.7521
-74.5018	-127.0386	2735.5003
-75.1209	-134.5037	2735.4500
-74.4321	-135.6182	2732.8516
-74.4335	-138.7266	2732.8724
-75.0536	-149.9148	2732.8471
-75.1275	-149.4389	2735.5499
-75.2046	-155.8143	2738.3040
-75.1319	-159.3962	2735.6167
-75.0588	-161.7276	2732.9262
-75.1363	-169.3540	2735.6835
-75.1387	-174.9554	2735.7212
-75.8324	-181.9766	2738.3797
-75.0702	-187.8425	2733.1017
-75.7615	-191.1350	2735.7299
-75.8378	-194.4373	2738.4637
-75.8405	-200.6679	2738.5058
-75.8423	-205.0294	2738.5353
-75.7692	-209.1862	2735.8518
-75.7703	-211.6762	2735.8686
-76.4645	-218.7338	2738.5277
-76.4669	-224.3419	2738.5657
-77.1638	-234.5377	2741.2514
-76.4709	-233.6890	2738.6292
-76.3995	-243.4212	2735.9836
-76.4748	-243.0365	2738.6927
-77.1699	-248.8847	2741.3491
-77.1725	-255.1228	2741.3916
-77.0974	-257.9889	2738.6941
-77.0995	-262.9747	2738.7282
-77.1026	-270.4535	2738.7792
-77.8759	-277.8491	2744.1687
-77.8762	-278.4736	2744.1730
-77.1067	-280.4258	2738.8474
-77.7277	-291.6400	2738.8237
-77.7279	-292.2633	2738.8280
-77.8072	-298.1654	2741.5856
-78.5045	-304.6984	2744.2523
-77.7342	-307.8466	2738.9349
-77.7355	-310.9633	2738.9563
-77.7382	-317.8204	2739.0034
-78.5118	-322.8114	2744.3771
-78.5125	-324.6853	2744.3900
-78.4370	-329.9827	2741.7039
-78.4400	-337.4711	2741.7556
-78.4419	-342.4635	2741.7901
-79.1393	-347.7912	2744.4489
-79.1418	-354.0381	2744.4922
-79.0660	-360.5556	2741.8146
-79.0663	-361.1797	2741.8189
-79.8430	-365.6357	2747.1997
-79.8466	-375.0159	2747.2649
-79.9270	-377.8892	2750.0183
-79.7701	-381.5197	2744.5821
-79.7722	-387.1427	2744.6212
-80.4718	-393.1452	2747.2902
-80.5547	-401.0449	2750.0788
-81.1747	-404.1678	2749.9995
-80.3975	-407.1295	2744.6597
-80.3996	-412.7531	2744.6990
-80.4008	-415.8774	2744.7208
-81.1816	-422.3240	2750.1266
-81.1830	-426.0806	2750.1529
-81.1050	-432.5419	2747.4647
-81.1061	-435.6695	2747.4866
-81.1082	-441.2993	2747.5261
-81.8100	-447.9877	2750.2056
-81.8928	-452.1903	2752.9741
-81.8135	-457.3805	2750.2717
-81.8151	-461.7639	2750.3025
-82.4366	-469.2701	2750.2542
-82.4377	-472.4012	2750.2763
-71.3788	385.6746	2740.8541
-70.6934	382.1919	2738.2571
-69.3273	374.0043	2733.0853
-70.7663	377.5860	2741.0042
-68.7178	363.4542	2733.2498
-68.2511	350.4866	2714.5167
-68.3195	348.3592	2717.2018
-68.3215	344.6545	2717.2245
-68.3242	339.7149	2717.2549
-68.3268	334.7751	2717.2853
-68.3298	329.2178	2717.3195
-68.3325	324.2778	2717.3499
-68.3987	326.4492	2720.0139
-68.3371	315.6327	2717.4033
-68.2733	309.1554	2714.7710
-68.3426	305.1346	2717.4681
-68.3459	298.9590	2717.5063
-68.3469	297.1063	2717.5178
-50.4717	254.0546	2587.6769
-50.5196	253.1139	2590.1114
-50.5681	250.9931	2592.5572
-50.5686	249.8146	2592.5641
-50.5689	249.2253	2592.5676
-52.9617	236.4643	2594.7107
-52.9620	235.8745	2594.7142
-68.9966	224.8351	2717.8689
-69.2656	231.9196	2728.5676
-69.0679	218.2532	2720.5882
-69.0030	212.4798	2717.9463
-68.3267	206.7216	2715.4084
-69.0765	201.5567	2720.6932
-69.0781	198.4646	2720.7126
-69.0807	193.5172	2720.7438
-69.0156	187.7673	2718.1018
-69.0860	183.0036	2720.8101
-69.0882	178.6743	2720.8375
-69.0910	173.1080	2720.8726
-69.7058	168.7751	2720.8009
-69.0279	163.6701	2718.2539
-69.0328	153.7833	2718.3165
-69.7155	149.6012	2720.9225
-70.3302	145.2684	2720.8507
-69.6520	139.5674	2718.3077
-69.6557	132.1518	2718.3548
-69.7254	129.8071	2721.0483
-70.4097	124.9784	2723.6637
-70.4119	120.6440	2723.6913
-70.4144	115.6902	2723.7230
-70.3479	110.0089	2721.0754
-70.3497	106.2971	2721.0991
-70.4899	103.4072	2726.4907
-71.0407	89.0601	2723.7941
-70.3607	84.0248	2721.2418
-71.0450	80.3900	2723.8498
-71.1168	76.7498	2726.5625
-71.0514	67.3841	2723.9335
-71.0541	61.8100	2723.9695
-71.8108	57.5870	2729.2810
-71.7449	47.6103	2726.6510
-71.0637	41.9896	2724.0975
-71.0649	39.5119	2724.1135
-71.6805	34.5556	2724.0461
-71.7535	29.6298	2726.7675
-71.7568	22.8092	2726.8118
-72.3730	17.8481	2726.7444
-72.3751	13.5076	2726.7726
-72.3775	8.5469	2726.8049
-72.4509	4.2111	2729.5280
-72.4533	-0.7546	2729.5604
-72.4565	-7.5827	2729.6050
-72.3866	-10.6767	2726.9303
-72.3889	-15.6379	2726.9627
-73.0774	-21.2393	2729.5945
-73.1522	-26.8519	2732.3315
-73.0821	-31.1718	2729.6596
-73.0838	-34.8966	2729.6841
-73.0862	-39.8632	2729.7167
-73.1600	-43.6301	2732.4418
-73.0908	-49.7965	2729.7820
-73.0928	-54.1425	2729.8106
-73.0948	-58.4886	2729.8393
-73.0974	-64.0765	2729.8761
-73.7852	-65.3807	2732.4852
-73.7892	-74.0817	2732.5427
-73.7193	-80.2190	2729.8828
-73.0344	-83.8645	2727.3115
-73.0347	-84.4848	2727.3156
-74.4867	-93.4389	2735.2766
-74.4869	-94.0611	2735.2807
-73.8022	-102.6733	2732.7322
-73.8045	-107.6461	2732.7652
-74.4221	-113.2388	2732.7024
-74.4976	-117.7049	2735.4380
-74.5018	-127.0386	2735.5003
-74.4288	-128.1581	2732.8018
-74.4305	-131.8881	2732.8267
-74.4327	-136.8615	2732.8599
-75.1993	-143.9786	2738.2246
-75.1264	-146.9496	2735.5333
-75.0544	-151.7799	2732.8596
-75.0580	-159.8624	2732.9137
-75.1333	-162.5079	2735.6376
-75.1352	-166.8645	2735.6668
-75.1373	-171.8435	2735.7003
-75.0650	-176.0282	2733.0222
-75.0664	-179.1372	2733.0431
-75.7593	-186.1556	2735.6964
-75.8367	-191.9451	2738.4469
-75.8383	-195.6834	2738.4721
-75.8405	-200.6679	2738.5058
-75.7679	-206.0738	2735.8308
-75.7695	-209.8087	2735.8560
-76.4632	-215.6183	2738.5066
-76.5416	-222.0668	2741.2672
-76.3927	-227.2350	2735.8737
-76.3937	-229.7251	2735.8906
-76.4735	-239.9206	2738.6715
-77.1699	-248.8847	2741.3491
-76.4769	-248.0220	2738.7266
-76.4792	-253.6309	2738.7648
-77.0979	-259.2353	2738.7026
-77.1766	-265.1041	2741.4597
-77.1785	-269.4711	2741.4896
-77.1041	-274.1931	2738.8047
-77.1052	-276.6862	2738.8218
-77.1067	-280.4258	2738.8474
-77.7277	-291.6400	2738.8237
-77.8057	-294.4218	2741.5599
-77.8072	-298.1654	2741.5856
-77.7320	-302.2365	2738.8964
-77.7345	-308.4699	2738.9391
-78.4310	-315.0068	2741.6008
-78.5095	-317.1900	2744.3383
-78.4350	-324.9906	2741.6695
-78.4365	-328.7347	2741.6953
-77.7432	-330.2885	2739.0892
-78.5188	-340.3013	2744.4978
-79.2171	-346.2574	2747.1662
-79.1398	-349.0406	2744.4576
-79.0631	-353.0665	2741.7628
-79.1440	-359.6604	2744.5311
-79.7630	-363.4022	2744.4563
-79.9270	-377.8892	2750.0183
-79.8466	-375.0159	2747.2649
-79.7694	-379.6454	2744.5691
-79.8498	-383.1458	2747.3215
-80.5513	-392.2804	2750.0176
-80.5525	-395.4105	2750.0394
-80.4737	-398.1485	2747.3251
-80.3968	-405.2550	2744.6466
-80.3975	-407.1295	2744.6597
-80.4001	-414.0028	2744.7077
-81.1811	-421.0718	2750.1178
-81.1026	-426.2868	2747.4209
-81.1033	-428.1633	2747.4340
-81.1057	-434.4185	2747.4778
-81.1882	-439.8556	2750.2495
-81.8090	-445.4830	2750.1880
-81.8102	-448.6139	2750.2100
-81.8121	-453.6233	2750.2452
-81.8141	-459.2591	2750.2849
-82.5180	-467.8524	2752.9832
-82.5184	-469.1061	2752.9920
-82.4377	-472.4012	2750.2763
-71.3788	385.6746	2740.8541
-70.6934	382.1919	2738.2571
-71.3788	385.6746	2740.8541
-71.3801	383.1836	2740.8695
-70.7659	378.2088	2741.0004
-70.6965	376.5923	2738.2917
-68.7174	364.0753	2733.2460
-68.7178	363.4542	2733.2498
-68.3172	352.6812	2717.1752
-68.3179	351.4463	2717.1828
-68.3215	344.6545	2717.2245
-68.3242	339.7149	2717.2549
-68.3265	335.3926	2717.2815
-68.3987	326.4492	2720.0139
-68.3344	320.5728	2717.3728
-68.2733	309.1554	2714.7710
-68.3397	310.6925	2717.4338
-68.3420	306.3697	2717.4605
-68.3440	302.6644	2717.4834
-68.3469	297.1063	2717.5178
-50.5196	253.1139	2590.1114
-50.4717	254.0546	2587.6769
-50.5684	250.4038	2592.5607
-50.5689	249.2253	2592.5676
-52.9617	236.4643	2594.7107
-52.2786	236.6167	2589.9314
-50.3846	238.9059	2582.9212
-52.9620	235.8745	2594.7142
-69.2656	231.9196	2728.5676
-68.3188	222.1512	2715.3117
-68.9991	219.8930	2717.8998
-69.0711	212.0695	2720.6270
-69.0724	209.5959	2720.6426
-69.0746	205.2671	2720.6698
-69.0084	201.9773	2718.0123
-69.0137	191.4743	2718.0784
-69.0153	188.3851	2718.0979
-69.0854	184.2405	2720.8023
-69.0879	179.2928	2720.8335
-69.0907	173.7265	2720.8687
-69.0250	169.2312	2718.2187
-69.0275	164.2880	2718.2500
-69.7102	160.1161	2720.8558
-69.7127	155.1680	2720.8871
-69.6486	146.3649	2718.2645
-69.6498	143.8931	2718.2802
-69.6517	140.1854	2718.3037
-70.4041	136.1237	2723.5926
-70.4048	134.8853	2723.6005
-70.4097	124.9784	2723.6637
-69.7276	125.4769	2721.0759
-70.4140	116.3095	2723.7190
-70.4165	111.3556	2723.7507
-70.4193	105.7824	2723.7863
-70.4899	103.4072	2726.4907
-70.3543	97.0173	2721.1585
-70.3568	92.0678	2721.1902
-71.1116	87.2883	2726.4947
-71.1141	82.3290	2726.5266
-70.3661	72.8879	2721.3133
-70.3665	72.2691	2721.3173
-71.0511	68.0035	2723.9295
-71.0532	63.6680	2723.9575
-71.8105	58.2076	2729.2770
-71.0583	53.1388	2724.0254
-71.6733	49.4212	2723.9499
-71.0619	45.7060	2724.0734
-71.0649	39.5119	2724.1135
-71.7514	33.9701	2726.7394
-71.6832	28.9807	2724.0822
-71.7562	24.0494	2726.8037
-71.6877	19.6889	2724.1425
-72.4456	15.3836	2729.4552
-72.4506	4.8318	2729.5239
-72.3790	5.4464	2726.8251
-72.3828	-2.6150	2726.8777
-72.3840	-5.0955	2726.8938
-72.4574	-9.4449	2729.6172
-72.3884	-14.3976	2726.9546
-72.3901	-18.1185	2726.9789
-72.3927	-23.7001	2727.0154
-73.0821	-31.1718	2729.6596
-73.0833	-33.6550	2729.6759
-73.1580	-39.2801	2732.4132
-73.0882	-44.2089	2729.7453
-73.0899	-47.9340	2729.7698
-73.0922	-52.9008	2729.8024
21.9635	-35.0602	2656.5434
22.3689	-266.4546	2712.3115
22.3463	-269.8879	2709.6945
22.3445	-279.7268	2709.7556
21.7517	-284.9184	2712.3557
21.7718	-292.5867	2715.0468
21.7285	-295.0988	2709.7806
21.7279	-298.1737	2709.7997
21.7481	-304.6167	2712.4782
21.7474	-308.9260	2712.5050
21.1537	-312.9187	2715.1029
21.7243	-317.8542	2709.9221
21.7238	-320.9295	2709.9412
21.1508	-328.9408	2715.2028
21.1503	-332.0221	2715.2220
21.1491	-338.8011	2715.2643
21.1275	-342.7846	2712.6455
21.1268	-347.0945	2712.6724
21.1266	-348.3259	2712.6801
20.5312	-358.5203	2715.3169
20.5303	-364.0673	2715.3516
20.5095	-366.7953	2712.7249
20.5089	-370.4899	2712.7480
20.5274	-380.7092	2715.4557
19.9322	-383.5418	2718.0518
19.9117	-388.1031	2715.4314
19.9115	-389.3359	2715.4392
19.9103	-396.7329	2715.4855
19.9102	-397.3494	2715.4894
19.3322	-407.9965	2720.7886
19.3309	-416.0260	2720.8390
19.2921	-419.5387	2715.5579
19.2919	-420.7717	2715.5657
19.2909	-426.9367	2715.6044
19.3093	-431.0516	2718.2794
19.3084	-436.6057	2718.3143
19.3076	-441.5427	2718.3454
19.3075	-442.1599	2718.3493
18.7094	-451.8502	2720.9938
18.6900	-457.5855	2718.3757
18.1095	-466.5066	2723.6748
18.6895	-460.6714	2718.3951
18.0911	-469.1445	2721.0320
28.6466	378.9754	2709.1012
29.2591	376.5231	2709.1856
29.2589	375.9092	2709.1893
30.9757	365.2990	2698.9503
30.8543	356.5876	2688.5710
30.2424	341.9616	2688.5879
30.2715	341.6799	2691.1899
30.2710	339.8502	2691.2007
30.2405	334.0406	2688.6346
30.2392	328.5567	2688.6670
30.2676	325.2124	2691.2871
30.2353	312.1041	2688.7641
30.2045	305.1084	2686.2098
30.2338	306.0103	2688.8001
29.6525	300.2015	2691.3656
29.6521	298.3716	2691.3764
30.2033	300.2379	2686.2386
43.1972	267.8208	2557.2338
43.1970	267.2412	2557.2370
42.6168	262.6017	2557.1978
42.1143	259.0145	2561.8638
43.3130	251.6998	2564.3978
43.3127	250.5372	2564.4044
43.6903	241.2972	2552.7537
42.0703	234.9894	2559.6415
42.6109	235.3567	2557.3513
41.0590	221.2879	2569.0450
41.0964	219.1594	2571.4321
41.0963	218.5765	2571.4355
39.4562	206.8991	2578.4550
39.9293	208.0798	2571.3632
40.0025	204.3746	2576.1475
41.0898	188.8456	2571.6044
41.2040	188.1983	2578.7596
41.2039	187.6137	2578.7629
41.1648	183.3525	2576.3990
41.1642	180.4321	2576.4157
41.7075	173.2651	2574.1383
41.7071	171.5144	2574.1482
41.7430	158.2374	2576.6079
41.7044	158.6754	2574.2214
41.7423	155.3167	2576.6246
41.1955	148.4422	2578.9866
41.1936	139.0868	2579.0401
41.6997	136.4974	2574.3480
41.1921	132.0701	2579.0802
41.1912	127.9769	2579.1037
40.6434	121.0705	2581.4703
40.6429	118.7293	2581.4838
41.1503	115.0060	2576.7894
40.6031	108.6784	2579.1485
40.6403	105.8523	2581.5576
40.6758	94.8185	2584.0183
40.6381	95.3161	2581.6181
41.1466	96.8938	2576.8932
40.5215	78.1228	2574.5508
40.7106	79.6587	2586.5072
40.5577	71.1831	2576.9751
40.4818	67.5518	2572.2314
40.5185	63.5276	2574.6346
39.9716	58.9109	2576.9798
39.9698	50.1452	2577.0302
39.3855	46.6382	2576.9845
39.4222	47.2666	2579.3697
39.3855	46.6382	2576.9845
39.9903	-34.6372	2579.9088
33.8505	-24.3007	2600.8161
39.9903	-34.6372	2579.9088
33.9139	-25.5264	2605.6942
21.8818	-24.1237	2646.3682
33.9139	-25.5264	2605.6942
21.9635	-35.0602	2656.5434
22.3689	-266.4546	2712.3115
22.3911	-266.0951	2714.9526
22.3689	-266.4546	2712.3115
22.3911	-266.0951	2714.9526
22.3689	-266.4546	2712.3115
22.3911	-266.0951	2714.9526
22.3689	-266.4546	2712.3115
22.3463	-269.8879	2709.6945
21.7747	-276.5671	2714.9472
21.7745	-277.7993	2714.9548
21.7515	-286.1495	2712.3634
21.7285	-295.0988	2709.7806
21.7279	-298.1737	2709.7997
21.7479	-305.8479	2712.4858
21.7472	-309.5416	2712.5088
21.7243	-317.8542	2709.9221
21.7240	-319.6994	2709.9336
21.1515	-325.2433	2715.1797
21.1505	-330.7896	2715.2143
21.1082	-334.4585	2709.9550
21.1279	-340.9375	2712.6340
21.1273	-344.0160	2712.6532
21.1266	-348.3259	2712.6801
20.5524	-353.3140	2717.9331
20.5311	-359.1366	2715.3208
20.5096	-366.1796	2712.7211
20.5091	-369.2584	2712.7403
20.5089	-370.4899	2712.7480
19.9328	-379.8399	2718.0286
19.9122	-385.6375	2715.4160
19.9118	-387.4867	2715.4276
19.9115	-389.3359	2715.4392
19.9296	-398.9670	2718.1485
19.9287	-404.5204	2718.1834
19.9082	-409.0618	2715.5629
19.9076	-412.7606	2715.5861
19.2921	-419.5387	2715.5579
19.3104	-424.2635	2718.2367
19.3097	-428.5832	2718.2639
19.3093	-431.0516	2718.2794
19.3084	-436.6057	2718.3143
19.3075	-442.1599	2718.3493
18.7099	-448.7614	2720.9743
18.7091	-454.3212	2721.0094
18.6900	-457.5855	2718.3757
18.6895	-460.6714	2718.3951
18.0912	-468.5267	2721.0281
18.0911	-469.1445	2721.0320
29.2311	377.9998	2706.5418
28.6466	378.9754	2709.1012
29.2311	377.9998	2706.5418
28.6466	378.9754	2709.1012
29.2591	376.5231	2709.1856
30.9760	366.5222	2698.9431
29.2589	375.9092	2709.1893
31.5555	363.1180	2696.4172
30.8843	357.5395	2691.1657
30.2424	341.9616	2688.5879
30.2712	340.4601	2691.1971
30.8493	335.2622	2688.6967
30.2683	328.2620	2691.2691
30.2677	325.8224	2691.2835
30.8159	319.7222	2686.1928
30.2353	312.1041	2688.7641
30.2350	310.8854	2688.7713
30.2341	307.2291	2688.7929
30.2035	300.8467	2686.2350
30.2033	300.2379	2686.2386
43.1972	267.8208	2557.2338
42.6168	262.6017	2557.1978
43.1946	256.2277	2557.2990
43.3130	251.6998	2564.3978
43.2726	249.1467	2562.0502
43.6903	241.2972	2552.7537
42.6109	235.3567	2557.3513
41.5282	232.2983	2561.9490
40.5153	224.4036	2571.3365
41.0966	219.7423	2571.4288
41.6399	217.2132	2569.1338
41.6013	216.4323	2566.7675
39.9293	208.0798	2571.3632
40.0025	204.3746	2576.1475
41.0898	188.8456	2571.6044
41.2039	187.6137	2578.7629
41.2038	187.0291	2578.7663
41.7076	173.8487	2574.1349
41.7071	171.5144	2574.1482
41.7430	158.2374	2576.6079
41.7425	155.9008	2576.6212
41.1574	148.8896	2576.5957
41.1955	148.4422	2578.9866
41.1936	139.0868	2579.0401
41.1934	138.5021	2579.0434
41.1923	133.2396	2579.0735
41.1914	128.5617	2579.1003
41.1900	122.1294	2579.1371
41.1519	122.6010	2576.7460
41.1887	115.6970	2579.1740
40.6406	107.6083	2581.5476
41.1482	104.4894	2576.8497
41.1089	99.1394	2574.4961
41.1466	96.8938	2576.8932
40.6372	91.2186	2581.6417
40.6370	90.0478	2581.6484
40.5215	78.1228	2574.5508
40.5970	78.8524	2579.3197
40.5204	72.8686	2574.5810
40.5573	69.4301	2576.9851
39.9728	64.7545	2576.9462
39.9716	58.9109	2576.9798
39.9339	55.9370	2574.6124
40.0067	49.0221	2579.4255
39.3855	46.6382	2576.9845
39.4222	47.2666	2579.3697
39.3855	46.6382	2576.9845
39.9903	-34.6372	2579.9088
33.8505	-24.3007	2600.8161
39.9903	-34.6372	2579.9088
33.8505	-24.3007	2600.8161
21.8818	-24.1237	2646.3682
33.9139	-25.5264	2605.6942
21.9635	-35.0602	2656.5434
132.0409	-57.2974	2555.4037
132.0410	-63.0777	2555.4350
131.9207	-68.7968	2553.1410
131.9207	-70.5293	2553.1504
131.9207	-75.7272	2553.1785
131.9208	-79.7700	2553.2004
131.8007	-84.8922	2550.9072
131.4613	-97.7627	2555.5836
131.3415	-105.1841	2553.2987
131.5814	-108.2659	2557.9701
131.9209	-110.9597	2553.3696
131.9209	-119.6242	2553.4166
131.9209	-120.7795	2553.4229
131.9209	-121.3571	2553.4260
131.5814	-130.2559	2558.0897
131.4614	-137.0775	2555.7973
131.4614	-138.8121	2555.8067
131.4614	-142.8596	2555.8287
131.4614	-148.0636	2555.8570
131.0010	-152.8273	2558.1729
130.8815	-157.3161	2555.8678
130.8815	-159.0509	2555.8772
131.0010	-165.5604	2558.2423
130.5398	-172.0826	2560.5720
130.8815	-178.7124	2555.9843
130.8815	-179.8690	2555.9906
130.8814	-182.1822	2556.0032
130.8814	-187.9654	2556.0347
130.8814	-193.7487	2556.0662
130.8814	-196.6404	2556.0820
130.8814	-207.0507	2556.1387
130.8814	-207.6291	2556.1419
130.4204	-217.0791	2558.4836
130.5396	-221.9101	2560.8441
130.4204	-221.1315	2558.5058
130.5396	-228.8635	2560.8821
130.4203	-238.4998	2558.6007
130.0774	-241.2507	2563.2485
121.4594	-264.9218	2679.8299
121.5755	-274.2769	2682.4424
121.6920	-275.7512	2685.0148
121.5754	-283.9893	2682.4978
121.5753	-288.2386	2682.5220
121.5753	-292.4880	2682.5462
121.5752	-297.9516	2682.5774
121.5751	-306.4507	2682.6259
121.5751	-307.6649	2682.6329
121.5750	-313.7360	2682.6675
121.5750	-314.9502	2682.6744
120.9665	-325.8796	2682.6959
120.9664	-327.7010	2682.7064
120.9664	-330.7368	2682.7237
120.9663	-336.2012	2682.7549
120.9663	-338.0227	2682.7654
120.4731	-350.4986	2685.3600
120.5887	-350.2220	2687.9276
120.4730	-355.9687	2685.3913
120.4729	-360.2233	2685.4157
120.4728	-366.3014	2685.4505
120.4727	-371.7718	2685.4819
120.4727	-376.6345	2685.5098
120.4726	-378.4580	2685.5202
120.4724	-393.6546	2685.6073
120.4724	-394.8704	2685.6143
120.0936	-398.6652	2690.7387
119.8633	-400.3427	2685.6047
119.9781	-414.1086	2688.2531
119.9780	-417.1511	2688.2706
119.4830	-426.6845	2690.8587
119.9779	-425.6705	2688.3196
119.9778	-432.3646	2688.3581
119.3681	-440.2773	2688.3625
119.3681	-441.4945	2688.3695
119.4826	-450.4413	2690.9955
119.3680	-447.5803	2688.4045
119.4824	-458.3607	2691.0411
119.4823	-463.8436	2691.0727
119.4823	-464.4528	2691.0762
118.9865	-465.5047	2693.6206
119.4823	-464.4528	2691.0762
118.9865	-465.5047	2693.6206
129.3423	374.6452	2676.7632
130.1842	370.5673	2669.2263
129.2192	373.0824	2674.2205
129.3423	374.6452	2676.7632
130.3080	371.5211	2671.7628
130.6656	366.6016	2666.7512
148.4582	300.9864	2381.6890
148.7464	296.7177	2377.7053
148.4952	288.1713	2373.7197
148.9083	283.6403	2371.7701
148.7829	278.0459	2369.7922
148.7831	274.2962	2369.8111
148.7834	270.5465	2369.8299
148.7837	266.2610	2369.8514
148.6584	260.1502	2367.8794
148.6587	256.4033	2367.8982
148.1213	252.6568	2367.8801
148.1216	248.3745	2367.9016
147.4204	242.0249	2373.8779
148.1218	245.6981	2367.9151
147.2962	233.2425	2371.9126
147.1315	228.4561	2377.9383
146.5918	226.3061	2377.9120
146.3004	222.9186	2381.9346
145.5905	215.9264	2387.9849
145.1249	208.1691	2398.1673
145.2492	206.1755	2400.2314
145.7942	204.0048	2400.2799
135.3897	188.6494	2551.9890
135.2668	185.0204	2549.6887
135.2670	180.9854	2549.7104
134.8113	174.8026	2552.0242
134.8114	171.9178	2552.0397
135.1446	167.5756	2547.4666
135.1448	162.3920	2547.4944
135.0223	159.9437	2545.1959
135.0226	150.7364	2545.2452
134.2333	147.1066	2552.1337
134.6898	145.2440	2549.8630
135.0226	150.1609	2545.2483
134.5680	129.5603	2547.6313
134.1119	126.7948	2549.9228
134.1120	123.3354	2549.9414
134.6906	120.4525	2549.9962
134.2344	112.4823	2552.3199
134.2345	108.4424	2552.3416
134.1126	102.5781	2550.0530
134.1127	99.6950	2550.0685
134.1128	94.5054	2550.0964
134.1129	92.1988	2550.1088
135.0248	77.0660	2545.6405
133.6561	81.3162	2552.4484
135.4795	75.8460	2543.3783
133.5349	63.3652	2550.2247
133.4137	56.9694	2547.9430
133.5350	58.1748	2550.2527
133.4137	54.6646	2547.9554
133.5354	41.4495	2550.3428
133.0779	39.7555	2552.6330
133.0779	35.7145	2552.6548
133.0780	31.0962	2552.6797
132.9570	25.8765	2550.3874
132.9570	23.5693	2550.3998
133.0782	17.8180	2552.7514
133.0783	13.1993	2552.7764
133.0784	5.1165	2552.8200
133.0784	4.5391	2552.8231
133.0785	-0.0798	2552.8481
133.0785	-1.8119	2552.8575
132.4994	-9.8955	2552.8617
132.4994	-11.0503	2552.8679
132.9577	-20.8478	2550.6397
132.4996	-27.2179	2552.9554
132.6205	-30.7095	2555.2992
132.3790	-27.7710	2550.6376
132.4997	-41.0766	2553.0304
132.4998	-45.1189	2553.0522
131.5811	-55.0347	2557.6810
132.0409	-59.0315	2555.4131
131.9207	-68.7968	2553.1410
131.4612	-71.1708	2555.4393
132.0410	-77.5290	2555.5134
131.8007	-84.8922	2550.9072
131.4613	-94.8721	2555.5679
131.5813	-101.9007	2557.9355
131.3415	-105.1841	2553.2987
131.9209	-109.2269	2553.3602
131.9209	-110.9597	2553.3696
131.9209	-119.6242	2553.4166
131.4614	-122.6228	2555.7187
132.0412	-126.6695	2555.7802
131.9209	-121.3571	2553.4260
131.4614	-137.0775	2555.7973
131.4614	-140.5468	2555.8161
131.0010	-144.7247	2558.1288
131.4614	-148.6419	2555.8601
130.8815	-157.3161	2555.8678
130.8815	-157.8944	2555.8709
130.8815	-159.0509	2555.8772
131.0010	-167.8756	2558.2549
131.0010	-171.3484	2558.2738
130.8815	-178.7124	2555.9843
130.8815	-179.8690	2555.9906
130.5397	-188.8838	2560.6637
130.5397	-191.2013	2560.6764
130.8814	-193.7487	2556.0662
130.8814	-196.6404	2556.0820
130.8814	-207.0507	2556.1387
130.8814	-207.6291	2556.1419
130.5396	-213.2185	2560.7966
130.4204	-217.0791	2558.4836
130.4204	-221.1315	2558.5058
130.0775	-231.9706	2563.1977
130.1966	-231.0189	2565.5350
130.0774	-241.2507	2563.2485
129.9585	-240.4539	2560.9058
130.0774	-241.2507	2563.2485
121.5755	-271.2418	2682.4251
121.5755	-274.2769	2682.4424
121.5754	-279.7401	2682.4735
121.5754	-285.2034	2682.5047
121.0829	-293.3730	2685.0744
121.0828	-295.1959	2685.0848
121.5752	-297.9516	2682.5774
121.5751	-306.4507	2682.6259
121.5751	-308.2720	2682.6363
121.0825	-315.8566	2685.2029
121.0825	-319.5028	2685.2237
120.9665	-325.8796	2682.6959
120.9664	-327.0939	2682.7029
120.9663	-334.9869	2682.7480
120.9663	-338.0227	2682.7654
120.4731	-350.4986	2685.3600
120.4731	-352.3220	2685.3705
120.4730	-356.5765	2685.3948
120.4729	-363.2623	2685.4331
120.4728	-368.1248	2685.4610
120.4728	-371.1640	2685.4784
120.4727	-376.0266	2685.5063
120.4726	-378.4580	2685.5202
119.9786	-386.7271	2688.0959
119.9785	-392.2032	2688.1273
120.4724	-394.8704	2685.6143
119.8633	-400.3427	2685.6047
119.9781	-412.2831	2688.2427
119.4831	-418.1569	2690.8096
119.9780	-417.1511	2688.2706
119.9779	-423.8449	2688.3091
119.9778	-432.3646	2688.3581
119.9777	-435.4074	2688.3756
119.4827	-442.5221	2690.9499
119.3680	-446.9717	2688.4010
119.3680	-447.5803	2688.4045
119.4825	-452.2688	2691.0060
119.4824	-460.7975	2691.0551
119.4823	-464.4528	2691.0762
118.9865	-465.5047	2693.6206
119.4823	-464.4528	2691.0762
118.9865	-465.5047	2693.6206
148.4582	300.9864	2381.6890
129.3423	374.6452	2676.7632
129.2192	373.0824	2674.2205
129.3423	374.6452	2676.7632
130.1842	370.5673	2669.2263
130.6654	369.0121	2666.7378
130.6656	366.6016	2666.7512
148.4582	300.9864	2381.6890
148.4582	300.4481	2381.6917
148.7464	296.7177	2377.7053
148.3697	287.3934	2371.7143
148.7828	279.6529	2369.7842
148.9086	280.4237	2371.7862
149.0345	281.7323	2373.7889
148.7834	271.0822	2369.8272
148.6581	265.5027	2367.8525
148.6584	260.1502	2367.8794
148.2460	260.9044	2369.8414
148.1213	253.7273	2367.8748
148.1216	248.3745	2367.9016
148.1218	245.6981	2367.9151
147.2960	236.4597	2371.8964
147.4210	232.9019	2373.9239
147.2962	233.2425	2371.9126
146.5918	226.3061	2377.9120
146.0081	217.3620	2385.9817
145.7147	214.4882	2390.0289
146.0081	216.2832	2385.9872
145.2962	211.4254	2392.0471
145.7942	204.0048	2400.2799
135.3897	188.6494	2551.9890
135.3897	188.0724	2551.9921
135.1442	177.9425	2547.4110
136.1766	175.4800	2545.1907
135.1446	167.5756	2547.4666
135.1448	162.3920	2547.4944
134.6894	157.9270	2549.7949
135.0226	150.7364	2545.2452
135.0226	150.1609	2545.2483
134.6900	140.6318	2549.8878
134.1117	131.9838	2549.8949
134.5680	129.5603	2547.6313
134.5680	128.9842	2547.6344
134.1120	123.3354	2549.9414
134.6906	120.4525	2549.9962
134.2343	113.6365	2552.3137
134.2345	109.0196	2552.3385
134.1126	102.5781	2550.0530
134.1126	100.2716	2550.0654
133.6557	95.7454	2552.3706
134.1129	92.1988	2550.1088
133.6560	85.9337	2552.4235
135.4795	75.8460	2543.3783
134.1133	74.8991	2550.2019
133.7782	69.2582	2554.8378
135.4795	75.8460	2543.3783
133.4137	56.9694	2547.9430
133.4137	55.2408	2547.9523
133.4137	54.6646	2547.9554
133.3205	46.1901	2557.2516
133.5354	41.4495	2550.3428
133.5354	40.2960	2550.3490
132.9570	25.8765	2550.3874
132.6198	22.4573	2555.0116
133.0782	18.3953	2552.7483
133.0783	14.3540	2552.7701
133.0783	13.1993	2552.7764
133.0784	5.1165	2552.8200
133.1998	1.0766	2555.1666
133.0785	-1.8119	2552.8575
132.4994	-9.8955	2552.8617
132.4994	-11.0503	2552.8679
132.6203	-16.8388	2555.2241
132.1611	-23.2167	2557.5482
132.3790	-27.7710	2550.6376
132.4997	-34.7246	2552.9960
132.4997	-41.0766	2553.0304
132.4998	-44.5414	2553.0491
132.4998	-45.1189	2553.0522
222.9832	-62.1318	2525.4098
222.9836	-64.4105	2525.4214
223.1840	-70.7389	2527.7098
222.6121	-75.8719	2527.7216
222.6129	-80.4337	2527.7449
222.9865	-82.0712	2525.5112
222.6149	-92.9789	2527.8088
222.6157	-97.5410	2527.8320
222.8157	-102.1928	2530.1162
222.6170	-106.0950	2527.8756
222.8171	-111.3254	2530.1628
222.6184	-115.2196	2527.9222
222.2455	-122.7433	2530.2068
222.6198	-124.3446	2527.9688
222.2465	-129.5933	2530.2419
222.8205	-134.1582	2530.2795
222.6216	-136.3215	2528.0301
222.4469	-138.2778	2532.5509
222.6230	-146.5879	2528.0826
222.0507	-150.0122	2528.0858
222.0511	-152.8641	2528.1004
222.0525	-163.1312	2528.1530
222.2517	-166.1296	2530.4291
222.0536	-171.6875	2528.1969
221.8556	-174.3860	2525.9541
221.8557	-175.5259	2525.9599
222.0551	-183.0963	2528.2555
222.0556	-186.5190	2528.2731
222.2550	-191.2512	2530.5582
222.2556	-195.8191	2530.5817
221.8817	-202.8526	2532.8684
221.8821	-205.7102	2532.8831
221.8830	-213.1400	2532.9214
221.8832	-214.8546	2532.9302
221.6850	-218.6623	2530.6850
221.6855	-223.2306	2530.7086
221.8845	-226.2856	2532.9892
221.8854	-233.7160	2533.0276
221.6872	-238.0783	2530.7853
216.8712	-263.2619	2646.4888
217.8796	-272.7202	2651.5079
217.8796	-273.3185	2651.5111
217.4839	-281.3612	2654.0256
217.4845	-286.1526	2654.0512
217.6893	-290.6143	2656.5643
217.4852	-292.7409	2654.0865
218.0870	-299.3253	2654.1348
217.4869	-308.9129	2654.1732
217.6912	-308.5998	2656.6607
217.4875	-314.9028	2654.2053
217.0906	-319.3961	2656.7056
217.4886	-325.0859	2654.2600
217.4887	-326.2840	2654.2664
217.0922	-334.9854	2656.7894
217.2968	-339.4975	2659.3077
217.0930	-343.3800	2656.8346
217.0935	-348.1770	2656.8604
217.2979	-350.9010	2659.3691
217.0943	-357.7713	2656.9121
217.0949	-363.7680	2656.9444
217.0952	-366.7663	2656.9606
217.0955	-370.9641	2656.9832
217.0960	-376.3614	2657.0124
216.6893	-382.2489	2652.0696
216.6988	-386.3204	2659.5472
217.0969	-387.1562	2657.0707
217.0977	-396.1522	2657.1193
217.0978	-397.3517	2657.1258
216.7004	-406.1306	2659.6544
216.7008	-411.5337	2659.6837
216.7010	-413.9351	2659.6967
216.7014	-418.1376	2659.7195
216.7019	-425.3420	2659.7586
216.7023	-430.1451	2659.7846
216.7026	-434.9482	2659.8107
216.7029	-437.9502	2659.8270
216.5000	-449.5410	2657.3956
216.9081	-454.5840	2662.4164
216.3056	-459.3983	2662.4296
216.7042	-455.9631	2659.9249
216.3057	-461.8024	2662.4427
232.5883	294.8716	2377.7245
244.8230	328.5275	2526.1716
232.6345	300.9878	2383.6991
232.6357	297.2266	2383.7169
232.2458	291.9023	2379.7264
232.7384	286.3509	2373.7839
232.7395	283.1403	2373.7990
232.3514	276.2587	2369.8490
232.3521	274.1218	2369.8591
232.3537	269.3136	2369.8818
232.1606	264.2856	2367.9191
232.1616	261.0827	2367.9342
232.1635	255.2107	2367.9619
231.8219	252.2199	2369.9473
231.8236	246.8771	2369.9726
231.8254	240.9998	2370.0003
231.8259	239.3969	2370.0079
231.6786	234.9816	2373.9965
231.5305	231.6236	2377.9935
230.9931	226.2647	2378.0039
230.9939	223.5841	2378.0166
230.8436	222.8864	2382.0145
230.3480	216.9909	2388.0520
229.8495	212.1449	2394.1152
229.8504	208.9062	2394.1306
230.0022	212.8643	2390.0766
229.8504	208.9062	2394.1306
228.1806	201.0643	2416.5848
229.6364	195.1502	2560.7656
226.1581	187.0940	2521.9917
225.9905	184.5800	2526.4967
226.7329	174.5823	2522.0677
226.3647	169.6167	2524.3298
225.7943	163.9268	2524.3441
225.7951	161.0810	2524.3583
225.7960	157.6659	2524.3753
225.9663	150.5667	2519.9259
226.1699	142.7385	2522.2122
225.8012	137.7437	2524.4746
225.6008	133.6404	2522.2436
225.6011	132.5030	2522.2493
225.0327	119.9917	2522.2976
225.0329	119.4230	2522.3005
225.0340	114.8728	2522.3232
225.0352	109.7538	2522.3488
225.2365	108.1435	2524.6084
224.8360	103.9734	2520.1300
225.2387	99.0347	2524.6540
224.6681	93.3424	2524.6684
224.6691	88.7877	2524.6912
224.6702	84.2330	2524.7140
225.7826	79.4634	2518.0370
224.8736	72.9108	2527.0265
225.2773	68.4742	2531.5721
225.2775	67.3324	2531.5778
224.8759	62.6529	2527.0780
224.4769	52.3007	2522.6225
224.5053	56.4349	2529.3550
224.3064	48.4054	2527.1356
223.9082	38.6467	2522.6769
224.3103	30.1669	2527.2274
223.5392	23.8754	2524.9890
224.1118	21.5975	2525.0147
223.5408	15.9025	2525.0292
224.1138	11.3465	2525.0664
224.1141	10.2075	2525.0721
223.7430	3.9468	2527.3455
223.7439	-0.6135	2527.3686
223.7449	-5.7440	2527.3945
223.5457	-9.1569	2525.1557
223.7465	-13.7248	2527.4349
223.7469	-16.0051	2527.4464
224.7542	-30.3884	2538.8593
224.5525	-29.7900	2536.5803
223.5491	-26.8137	2525.2450
223.7778	-34.3379	2534.3174
223.5523	-44.4717	2525.3345
223.1796	-45.0813	2527.5795
223.1804	-49.6425	2527.6027
223.1812	-54.2037	2527.6258
222.9832	-62.1318	2525.4098
222.9833	-62.7015	2525.4127
222.8101	-68.5192	2529.9446
222.9850	-72.9559	2525.4648
222.9854	-75.2347	2525.4764
222.9865	-82.0712	2525.5112
222.6145	-90.1277	2527.7942
222.6151	-94.1194	2527.8146
222.6158	-98.1112	2527.8349
222.6168	-104.9545	2527.8698
222.6173	-107.8059	2527.8844
222.8171	-111.3254	2530.1628
222.6187	-116.9305	2527.9309
222.2455	-122.7433	2530.2068
222.2462	-127.3099	2530.2302
222.4456	-129.1361	2532.5041
222.4468	-137.7064	2532.5479
222.0493	-140.3159	2528.0361
222.6225	-142.5954	2528.0622
222.6231	-147.1583	2528.0855
222.0509	-151.7233	2528.0946
222.2504	-156.9950	2530.3822
222.0525	-163.1312	2528.1530
222.0527	-164.8425	2528.1618
221.8556	-174.3860	2525.9541
222.2537	-180.9739	2530.5053
221.8557	-175.5259	2525.9599
222.0555	-185.9485	2528.2702
222.0556	-186.5190	2528.2731
222.0574	-200.7808	2528.3465
222.0583	-208.1973	2528.3846
222.0586	-210.4793	2528.3964
221.6848	-216.9492	2530.6762
221.8838	-219.9985	2532.9568
221.8845	-226.2856	2532.9892
221.8851	-231.4297	2533.0158
221.8854	-233.7160	2533.0276
221.6872	-238.0783	2530.7853
215.9881	-241.9001	2564.9891
216.8712	-263.2619	2646.4888
217.8796	-272.7202	2651.5079
217.6881	-279.8236	2656.5065
217.6882	-280.4231	2656.5097
217.4845	-286.7516	2654.0544
217.4851	-291.5430	2654.0801
217.4852	-292.7409	2654.0865
217.6904	-301.4055	2656.6221
217.6910	-306.8012	2656.6511
217.4871	-310.7099	2654.1828
217.4875	-314.3038	2654.2021
217.4879	-318.4968	2654.2246
217.4886	-325.0859	2654.2600
217.2959	-330.4950	2659.2592
217.0922	-334.9854	2656.7894
217.0924	-337.3838	2656.8023
217.0931	-343.9796	2656.8378
217.2978	-350.3008	2659.3659
217.1043	-354.5652	2664.3779
217.0943	-357.7713	2656.9121
217.0949	-363.7680	2656.9444
217.0953	-367.9657	2656.9671
216.9016	-372.8603	2661.9733
216.9022	-379.4694	2662.0090
216.6893	-382.2489	2652.0696
216.6893	-382.8475	2652.0729
216.6993	-392.3233	2659.5797
217.0978	-397.3517	2657.1258
216.4965	-403.3547	2657.1451
216.4966	-404.5542	2657.1516
216.7008	-411.5337	2659.6837
216.7012	-415.7361	2659.7065
216.7016	-421.1394	2659.7358
216.3031	-425.1422	2662.2434
216.4987	-430.9455	2657.2946
216.4988	-432.1452	2657.3011
216.7029	-437.9502	2659.8270
216.7034	-445.7556	2659.8694
216.5001	-450.1409	2657.3988
216.7042	-455.9631	2659.9249
216.3057	-461.8024	2662.4427
232.6343	301.5251	2383.6966
242.6723	334.2094	2521.6159
244.8230	328.5275	2526.1716
232.6343	301.5251	2383.6966
232.5883	294.8716	2377.7245
232.7384	286.3509	2373.7839
232.5904	288.4398	2377.7548
232.3514	276.2587	2369.8490
232.3521	274.1218	2369.8591
232.1585	270.6912	2367.8889
232.5493	267.3991	2371.8804
232.3564	260.7656	2369.9220
232.3576	257.0258	2369.9397
232.1636	254.6768	2367.9644
231.8231	248.4799	2369.9650
231.8237	246.3428	2369.9751
232.0197	241.7352	2371.9866
232.0207	238.5267	2372.0017
231.8259	239.3969	2370.0079
231.6786	234.9816	2373.9965
230.9939	223.5841	2378.0166
230.6931	221.1104	2386.0309
230.4990	219.3128	2384.0262
230.0022	212.8643	2390.0766
229.8504	208.9062	2394.1306
228.1806	201.0643	2416.5848
229.6364	195.1502	2560.7656
225.9905	184.5800	2526.4967
226.5293	180.1090	2519.7930
226.5310	173.8596	2519.8240
226.3646	170.1859	2524.3269
225.7943	163.9268	2524.3441
225.9638	160.2257	2519.8778
225.9650	155.6803	2519.9004
225.9660	151.7031	2519.9202
225.5969	148.9957	2522.1671
226.0011	144.7029	2526.6953
225.8010	138.3130	2524.4718
225.6008	133.6404	2522.2436
225.6011	132.5030	2522.2493
225.0327	119.9917	2522.2976
225.0340	114.8728	2522.3232
224.8360	103.9734	2520.1300
225.2365	108.1435	2524.6084
224.6659	102.4515	2524.6228
225.2387	99.0347	2524.6540
224.6679	93.9117	2524.6655
224.8391	90.9023	2520.1954
225.7826	79.4634	2518.0370
224.6707	81.9556	2524.7255
224.8736	72.9108	2527.0265
225.2773	68.4742	2531.5721
224.8751	66.0722	2527.0609
224.6752	62.0275	2524.8254
224.6760	58.6111	2524.8426
224.6770	54.0558	2524.8655
224.4773	50.5940	2522.6311
223.9082	38.6467	2522.6769
224.3102	30.7369	2527.2245
223.5392	23.8754	2524.9890
223.5393	23.3059	2524.9918
224.1123	18.7500	2525.0290
223.5411	14.1940	2525.0378
223.7420	9.0770	2527.3196
224.1152	4.5124	2525.1009
223.7446	-4.0338	2527.3859
223.7455	-8.5942	2527.4089
223.7462	-12.5847	2527.4291
223.5472	-17.1308	2525.1960
224.1197	-18.8390	2525.2188
223.5490	-26.2441	2525.2421
223.3764	-29.1429	2529.7588
224.7542	-30.3884	2538.8593
223.1782	-37.6695	2527.5419
223.5523	-44.4717	2525.3345
223.1802	-48.5022	2527.5969
223.1809	-52.4932	2527.6171
311.8963	-55.7072	2501.2577
311.6088	-66.4569	2503.5143
311.6089	-67.0200	2503.5170
311.6286	-74.2121	2499.1550
311.3403	-82.7186	2501.3972
311.6148	-86.1692	2503.6091
311.6154	-88.4221	2503.6200
311.6166	-92.3648	2503.6390
311.0716	-97.2663	2499.2758
311.3456	-100.7267	2501.4841
311.3474	-106.9172	2501.5141
311.3483	-110.2939	2501.5305
311.3494	-114.2335	2501.5496
311.6415	-118.6307	2499.3696
311.0786	-122.0075	2499.3958
311.3531	-127.7409	2501.6153
310.7904	-133.9352	2501.6552
311.6295	-138.5544	2503.8635
311.0840	-142.2519	2499.4945
310.7941	-148.0068	2501.7240
311.0679	-150.9516	2503.9340
311.0690	-155.4586	2503.9561
311.0699	-158.8389	2503.9727
311.0713	-164.4729	2504.0004
311.0721	-167.8533	2504.0170
310.5091	-175.7452	2504.0657
310.5096	-177.4355	2504.0740
311.0754	-181.3754	2504.0837
311.0766	-186.4464	2504.1087
311.0773	-189.2637	2504.1227
310.5135	-194.3392	2504.1576
310.7865	-193.9436	2506.3551
310.8074	-203.1744	2501.9960
311.0995	-206.3692	2499.8103
311.0825	-212.3662	2504.2373
311.0834	-216.3107	2504.2569
310.5005	-222.9056	2508.7124
310.2481	-226.8263	2502.1233
310.8132	-229.6364	2502.1277
310.8140	-233.5778	2502.1474
310.5224	-234.9125	2504.3595
311.1865	-267.9856	2624.5216
311.1687	-274.3965	2629.4005
311.1697	-279.1302	2629.4249
311.1700	-280.3137	2629.4309
310.8848	-287.1532	2627.0476
311.1724	-292.1484	2629.4919
310.8686	-304.2677	2631.9911
310.8891	-309.0284	2627.1606
310.8894	-310.2109	2627.1668
310.8904	-315.5322	2627.1943
311.1790	-325.8801	2629.6667
311.1797	-330.0229	2629.6882
311.1805	-334.1658	2629.7098
311.1815	-339.4924	2629.7375
310.8765	-346.9187	2632.2129
310.8771	-349.8809	2632.2284
310.5911	-353.7056	2629.8252
311.1848	-358.4324	2629.8365
310.8799	-366.4694	2632.3153
310.8802	-368.2469	2632.3246
311.1684	-374.5129	2634.7851
310.9012	-377.0305	2627.5154
310.5959	-382.7103	2629.9774
310.5962	-384.4862	2629.9867
310.5976	-393.3659	2630.0335
310.8848	-396.6871	2632.4743
310.8854	-400.8349	2632.4962
310.5994	-405.2059	2630.0960
310.8873	-413.8712	2632.5652
310.8877	-416.2415	2632.5777
310.8884	-420.9822	2632.6029
310.8890	-425.1304	2632.6249
310.8896	-429.2786	2632.6469
310.6037	-435.4006	2630.2562
311.1789	-444.4996	2635.1556
311.1790	-445.0928	2635.1588
310.8922	-448.8356	2632.7511
310.6065	-456.7165	2630.3698
310.8934	-457.7256	2632.7985
321.9479	201.7836	2549.1486
316.3563	288.7163	2325.8352
316.3673	284.0679	2322.0563
316.3679	283.0238	2322.0606
316.6250	284.8201	2323.9479
316.3569	287.6705	2325.8396
316.3741	272.0609	2322.1065
316.1194	266.6248	2320.2376
315.8646	262.2399	2318.3673
315.6004	258.2834	2320.2783
315.3354	254.8424	2322.1903
315.8624	249.6166	2322.2067
315.8627	249.0945	2322.2089
315.5988	243.5529	2324.1329
315.0658	239.7698	2327.9597
315.0584	233.8724	2331.8022
315.3270	233.1543	2329.8921
315.0523	225.3298	2335.6687
314.7840	223.9407	2337.5974
314.4844	215.1972	2351.1654
314.7463	211.1409	2353.1251
314.7465	210.6118	2353.1274
322.2365	200.2421	2551.4348
321.0870	202.3908	2542.3319
315.4706	187.0753	2497.8703
314.9094	182.5859	2497.9006
314.3622	174.9795	2493.5654
314.6395	170.6422	2495.7679
314.6416	166.1527	2495.7881
314.9162	168.5441	2497.9639
314.6456	157.7345	2495.8262
314.3722	153.6722	2493.6617
314.6497	148.7549	2495.8669
314.6510	145.9487	2495.8796
314.3685	134.2821	2498.1295
314.0946	131.3588	2495.9560
313.8083	126.9817	2498.1728
313.8103	122.4874	2498.1933
314.3757	117.9907	2498.2038
313.8144	112.9368	2498.2370
313.8171	106.7568	2498.2654
313.8178	105.0713	2498.2731
313.8202	99.4530	2498.2989
313.8221	94.9583	2498.3196
313.8263	84.8450	2498.3662
313.8266	84.2831	2498.3688
313.2662	76.4183	2498.4151
313.8184	70.9237	2502.8260
313.2689	69.6756	2498.4463
313.5455	65.2376	2500.6578
313.5471	61.3007	2500.6761
312.7124	51.6950	2498.5397
312.7142	47.1994	2498.5607
312.7159	42.7037	2498.5817
312.7176	38.2080	2498.6027
312.4305	30.9301	2500.8376
312.4307	30.3676	2500.8403
312.7225	25.2823	2498.6631
312.4503	20.7676	2496.4970
312.4357	16.8676	2500.9036
312.4368	14.0550	2500.9168
312.1668	3.3634	2498.7760
312.1683	-1.1331	2498.7972
312.1695	-4.5054	2498.8131
312.4450	-9.0092	2501.0256
312.4465	-13.5097	2501.0469
312.7536	-18.5253	2494.4888
312.7539	-19.6475	2494.4942
312.4510	-26.4492	2501.1083
312.1625	-32.1034	2503.3402
312.1638	-36.0452	2503.3589
311.6194	-44.9784	2499.0150
311.8943	-49.5180	2501.2281
311.8957	-54.0192	2501.2496
311.6088	-66.4569	2503.5143
311.6089	-67.0200	2503.5170
311.3372	-72.5896	2501.3484
311.6148	-86.1692	2503.6091
311.3423	-89.4715	2501.4297
311.3435	-93.4108	2501.4488
311.6173	-94.6177	2503.6499
311.3462	-102.9778	2501.4950
311.3474	-106.9172	2501.5141
311.3485	-110.8567	2501.5332
311.9141	-115.3563	2501.5452
311.0609	-124.4743	2503.8046
311.3533	-128.3037	2501.6181
310.5182	-134.9444	2499.4684
311.6295	-138.5544	2503.8635
311.0840	-142.2519	2499.4945
311.0677	-150.3882	2503.9313
311.0680	-151.5150	2503.9368
310.7957	-154.1985	2501.7544
311.0699	-158.8389	2503.9727
310.7981	-163.7678	2501.8014
311.0723	-168.4167	2504.0198
310.5091	-175.7452	2504.0657
310.5096	-177.4355	2504.0740
311.0757	-182.5023	2504.0893
310.8034	-185.7222	2501.9096
310.7863	-193.3797	2506.3524
310.5137	-194.9027	2504.1604
310.8067	-199.7965	2501.9792
310.8076	-203.7374	2501.9988
311.0825	-212.3662	2504.2373
311.0828	-213.4932	2504.2429
310.8100	-214.9975	2502.0547
311.0842	-220.2553	2504.2766
310.5206	-226.4592	2504.3173
310.2282	-226.0967	2506.5248
310.5224	-234.9125	2504.3595
311.1863	-267.3950	2624.5185
311.1685	-273.2131	2629.3944
311.1689	-274.9882	2629.4035
310.8834	-280.6501	2627.0141
310.8842	-284.1972	2627.0324
311.1719	-289.7814	2629.4797
311.1724	-292.1484	2629.4919
310.8686	-304.2677	2631.9911
311.1927	-298.1081	2624.6766
311.1755	-307.5343	2629.5715
311.1757	-308.7178	2629.5776
310.8909	-318.4885	2627.2097
311.1790	-325.8801	2629.6667
310.8922	-324.9925	2627.2434
311.1801	-331.7984	2629.6975
311.1809	-336.5332	2629.7221
310.8757	-342.1794	2632.1882
310.5897	-346.0111	2629.7850
310.3047	-352.2012	2627.3986
310.5913	-354.8894	2629.8314
311.1848	-358.4324	2629.8365
310.8799	-366.4694	2632.3153
310.8804	-369.4318	2632.3308
310.9011	-376.4391	2627.5122
310.9014	-378.2133	2627.5216
310.8830	-385.4291	2632.4149
310.8836	-388.9842	2632.4337
310.8842	-393.1319	2632.4555
311.1910	-396.9085	2630.0387
310.8857	-402.6125	2632.5056
310.8858	-403.2050	2632.5087
310.8873	-413.8712	2632.5652
310.8878	-416.8341	2632.5809
310.6017	-421.1909	2630.1807
310.8892	-426.9082	2632.6343
310.8898	-431.0565	2632.6564
310.8909	-438.7606	2632.6974
310.8911	-440.5385	2632.7068
310.8917	-445.2797	2632.7321
311.1797	-450.4315	2635.1873
310.8931	-455.3549	2632.7859
310.8934	-457.7256	2632.7985
310.6065	-456.7165	2630.3698
310.8934	-457.7256	2632.7985
321.9479	201.7836	2549.1486
316.3563	288.7163	2325.8352
316.3569	287.6705	2325.8396
316.3697	279.8916	2322.0737
316.3717	276.2373	2322.0890
316.1168	271.3195	2320.2179
316.1189	267.6681	2320.2332
315.8567	260.0584	2322.1627
315.6004	258.2834	2320.2783
315.6018	255.6751	2320.2893
315.8621	250.1387	2322.2045
315.8627	249.0945	2322.2089
315.5904	241.3354	2327.9473
315.5988	243.5529	2324.1329
315.3270	233.1543	2329.8921
315.0606	229.6781	2331.8201
314.7840	223.9407	2337.5974
315.0523	225.3298	2335.6687
314.5057	218.7017	2343.4012
314.4858	212.5539	2351.1768
314.7465	210.6118	2353.1274
322.2365	200.2421	2551.4348
315.4704	187.6370	2497.8678
315.4706	187.0753	2497.8703
314.9094	182.5859	2497.9006
314.9159	169.1058	2497.9614
314.6411	167.2751	2495.7831
314.6432	162.7854	2495.8034
314.6453	158.2957	2495.8237
314.6476	153.2447	2495.8465
314.6492	149.8774	2495.8618
314.6510	145.9487	2495.8796
314.3774	142.4572	2493.7126
314.3685	134.2821	2498.1295
313.8065	130.9141	2498.1548
313.8080	127.5435	2498.1702
313.8103	122.4874	2498.1933
314.3757	117.9907	2498.2038
313.8142	113.4986	2498.2345
313.8144	112.9368	2498.2370
313.8176	105.6331	2498.2705
313.8202	99.4530	2498.2989
313.2741	92.5491	2493.9606
313.8221	94.9583	2498.3196
313.8263	84.8450	2498.3662
313.8266	84.2831	2498.3688
313.5543	78.0343	2496.2107
314.1303	78.4555	2491.8264
313.8184	70.9237	2502.8260
313.5566	72.4203	2496.2367
313.5468	61.8632	2500.6734
312.9998	56.7017	2496.3194
312.7120	52.8189	2498.5345
312.7135	48.8853	2498.5528
312.7153	44.3896	2498.5738
312.7170	39.8939	2498.5948
312.7187	35.3981	2498.6158
312.7202	31.4642	2498.6342
312.4307	30.3676	2500.8403
312.4357	16.8676	2500.9036
312.4368	14.0550	2500.9168
311.8920	7.2908	2496.5700
311.8924	6.1676	2496.5753
312.1679	-0.0089	2498.7919
312.4436	-5.0713	2501.0070
312.1713	-9.5641	2498.8370
312.7366	-14.0602	2498.8484
312.4475	-16.3226	2501.0602
312.1755	-21.9301	2498.8956
312.1608	-27.0354	2503.3161
312.1769	-25.8648	2498.9142
311.6176	-39.3568	2498.9882
311.8921	-42.7662	2501.1958
311.8941	-48.9553	2501.2254
311.8954	-52.8939	2501.2442
397.1041	-56.5374	2471.9717
397.1044	-57.0920	2471.9742
396.7725	-79.2093	2469.9520
397.1134	-78.1668	2472.0704
396.9008	-77.6803	2474.2274
396.5610	-81.4973	2472.1181
396.7730	-80.3176	2469.9571
396.9068	-92.1134	2474.2939
396.9081	-95.4443	2474.3093
396.9099	-99.8854	2474.3299
396.5698	-103.1292	2472.2181
396.5735	-112.5590	2472.2621
396.5737	-113.1137	2472.2646
397.1290	-116.9928	2472.2504
396.9186	-122.0923	2474.4336
396.9192	-123.7579	2474.4415
396.5832	-138.0765	2472.3821
396.9267	-143.7457	2474.5359
396.3740	-148.1925	2474.5895
396.3744	-149.3030	2474.5948
396.3768	-155.9663	2474.6266
396.5930	-165.8156	2472.5144
396.5940	-168.5896	2472.5277
396.5942	-169.1444	2472.5304
396.9374	-174.2855	2474.6821
396.7275	-182.7760	2476.8862
396.3875	-187.6190	2474.7790
396.6063	-206.3198	2472.7108
396.7361	-209.4561	2477.0163
396.3956	-213.1661	2474.9039
396.3965	-215.9431	2474.9175
396.3990	-224.2743	2474.9586
396.3992	-224.8297	2474.9614
396.6137	-230.7363	2472.8312
396.6139	-231.2912	2472.8339
396.9559	-233.1538	2474.9701
401.5721	-268.6984	2598.9693
401.5734	-272.7813	2598.9900
401.5742	-275.6977	2599.0048
401.5766	-283.8637	2599.0463
401.5779	-288.5301	2599.0701
401.5789	-292.0299	2599.0880
401.5804	-297.2798	2599.1148
401.5812	-300.1964	2599.1298
401.7289	-311.8466	2603.9280
401.3665	-315.6555	2601.5957
401.3676	-319.7429	2601.6168
401.3692	-325.5821	2601.6470
401.9524	-329.6587	2601.6295
401.9537	-334.9140	2601.6569
401.3723	-337.8450	2601.7108
401.9556	-342.5053	2601.6965
401.3748	-347.7724	2601.7626
401.3755	-350.6924	2601.7779
401.9589	-355.9365	2601.7668
401.9613	-365.8644	2601.8191
401.3808	-372.8849	2601.8947
401.3812	-374.6370	2601.9040
401.7468	-384.3252	2604.3074
401.7470	-384.9097	2604.3105
402.3307	-389.5736	2604.2965
401.9685	-397.4026	2601.9865
401.9689	-399.1548	2601.9958
401.7516	-405.9559	2604.4228
401.7517	-406.5406	2604.4260
401.7529	-412.3871	2604.4574
402.3372	-419.9738	2604.4594
402.3386	-426.9898	2604.4973
402.1205	-429.1417	2606.9039
401.9757	-432.4499	2602.1750
401.9761	-434.2024	2602.1845
402.3416	-442.1918	2604.5797
402.1242	-448.4548	2607.0087
402.3435	-452.1320	2604.6339
402.3439	-454.4710	2604.6466
398.3574	308.7130	2328.9076
418.9605	340.4413	2468.9895
398.3583	307.6687	2328.9112
397.5962	300.4284	2321.3800
397.2785	296.0273	2319.5205
397.1656	284.6418	2315.7936
397.1680	281.5264	2315.8047
396.5348	273.3006	2312.1050
396.5368	270.7085	2312.1143
396.5395	267.0794	2312.1273
396.5418	263.9688	2312.1386
396.3453	260.5549	2314.0401
396.0306	254.6438	2312.1983
395.8344	250.1843	2314.1038
395.8390	243.9574	2314.1266
395.8401	242.4007	2314.1323
395.5690	228.6209	2321.7452
396.3349	222.0504	2329.3285
395.6919	223.7797	2325.5498
395.7372	214.2282	2335.1196
395.6153	217.0138	2331.2914
395.3761	206.5213	2348.6504
403.8202	197.3837	2485.5902
400.7100	185.3613	2466.4444
399.1380	173.3078	2460.1908
400.1664	172.0917	2466.5295
400.5118	169.4706	2468.6583
399.1384	172.7561	2460.1930
399.9679	155.6347	2468.7464
399.9689	153.9737	2468.7530
399.9714	150.0982	2468.7686
399.9741	145.6689	2468.7865
399.9755	143.4543	2468.7955
399.4271	136.2605	2468.8573
399.4285	134.0457	2468.8663
399.4322	127.9550	2468.8911
399.2238	125.2972	2471.0569
399.0961	116.7808	2466.8182
399.0964	116.2276	2466.8205
399.2347	107.0082	2471.1322
399.2373	102.5744	2471.1506
399.2398	98.1405	2471.1690
398.9026	88.0884	2469.0885
398.9052	83.6581	2469.1070
399.2506	79.2957	2471.2478
398.9092	76.4587	2469.1373
398.9095	75.9049	2469.1396
398.7036	67.6577	2471.3296
398.7057	63.7775	2471.3460
398.7093	57.1256	2471.3743
398.7102	55.4627	2471.3814
398.1594	50.4750	2471.4352
398.1615	46.5945	2471.4518
398.1641	41.6052	2471.4733
398.1664	37.1702	2471.4923
398.1684	33.2895	2471.5091
398.1713	27.7457	2471.5330
397.9617	24.4412	2473.7064
397.6217	19.9844	2471.5992
397.6239	15.5490	2471.6185
397.6253	12.7768	2471.6306
397.6308	1.6879	2471.6792
397.6327	-2.1933	2471.6963
397.6343	-5.5201	2471.7110
397.2942	-8.8400	2469.6027
397.6406	-18.8276	2471.7699
397.6417	-21.0456	2471.7798
397.2207	-27.7478	2476.1317
397.0904	-26.0371	2471.8344
397.0955	-37.1278	2471.8841
397.0970	-40.4551	2471.8990
397.1000	-47.1097	2471.9290
397.1009	-49.3280	2471.9391
397.1024	-52.6554	2471.9541
397.1044	-57.0920	2471.9742
396.8954	-64.9131	2474.1690
396.8997	-74.9047	2474.2147
396.8999	-75.4598	2474.2172
397.1136	-78.7214	2472.0729
396.7730	-80.3176	2469.9571
396.9070	-92.6686	2474.2965
396.5696	-102.5745	2472.2155
396.5698	-103.1292	2472.2181
396.5735	-112.5590	2472.2621
396.9162	-115.9852	2474.4050
397.1294	-118.1022	2472.2556
396.9192	-123.7579	2474.4415
396.5832	-138.0765	2472.3821
396.3698	-136.5322	2474.5341
396.5832	-138.0765	2472.3821
396.3740	-148.1925	2474.5895
396.3768	-155.9663	2474.6266
396.3770	-156.5216	2474.6292
396.5930	-165.8156	2472.5144
396.5942	-169.1444	2472.5304
396.7251	-175.5506	2476.8513
396.7264	-179.4412	2476.8701
396.3875	-187.6190	2474.7790
396.7321	-196.6716	2476.9538
396.7337	-201.6741	2476.9782
396.6063	-206.3198	2472.7108
396.6065	-206.8747	2472.7136
396.3965	-215.9431	2474.9175
396.3990	-224.2743	2474.9586
396.6137	-230.7363	2472.8312
396.9559	-233.1538	2474.9701
394.8130	-235.7857	2496.7865
401.5721	-268.6984	2598.9693
401.5727	-270.4482	2598.9782
401.5739	-274.5311	2598.9989
401.3569	-281.2073	2601.4191
401.5768	-284.4470	2599.0493
401.5779	-288.5301	2599.0701
401.5789	-292.0299	2599.0880
401.5807	-298.4464	2599.1208
401.5812	-300.1964	2599.1298
401.3635	-304.5615	2601.5385
401.3665	-315.6555	2601.5957
401.3667	-316.2394	2601.5987
401.3681	-321.4947	2601.6258
401.3695	-326.7500	2601.6531
401.9525	-330.2426	2601.6326
401.9537	-334.9140	2601.6569
401.3731	-340.7648	2601.7260
401.7375	-345.1608	2604.1010
401.3752	-349.5244	2601.7718
401.9589	-355.9365	2601.7668
401.9613	-365.8644	2601.8191
401.9616	-367.0324	2601.8252
401.7442	-372.6336	2604.2454
401.3812	-374.6370	2601.9040
402.3304	-388.4044	2604.2903
401.7485	-391.9249	2604.3479
401.9685	-397.4026	2601.9865
401.9689	-399.1548	2601.9958
401.7517	-406.5406	2604.4260
401.7534	-414.7257	2604.4699
402.3373	-420.5584	2604.4626
401.9747	-427.1925	2602.1466
401.9760	-433.6182	2602.1813
402.3416	-442.1918	2604.5797
402.3419	-443.9459	2604.5893
402.3428	-448.6237	2604.6147
402.3434	-451.5473	2604.6307
402.3439	-454.4710	2604.6466
418.9605	340.4413	2468.9895
398.0361	306.8999	2327.0269
397.2785	296.0273	2319.5205
397.2802	293.9470	2319.5278
397.1656	284.6418	2315.7936
396.8490	280.2638	2313.9432
396.5348	273.3006	2312.1050
396.5352	272.7822	2312.1068
396.5387	268.1163	2312.1236
396.5418	263.9688	2312.1386
396.0306	254.6438	2312.1983
395.8344	250.1843	2314.1038
395.8393	243.4385	2314.1285
395.8401	242.4007	2314.1323
395.7658	233.6333	2319.8249
395.5687	229.1415	2321.7433
395.5690	228.6209	2321.7452
395.6919	223.7797	2325.5498
395.6153	217.0138	2331.2914
395.6570	212.1352	2340.8909
395.6153	217.0138	2331.2914
395.7372	214.2282	2335.1196
395.3761	206.5213	2348.6504
401.3921	195.6504	2470.6439
400.4981	190.5071	2468.5750
400.7097	185.9144	2466.4422
401.0566	181.6444	2468.5773
400.7151	177.6178	2466.4750
399.1384	172.7561	2460.1930
399.9637	162.2784	2468.7197
400.3113	156.3218	2470.8657
399.9714	150.0982	2468.7686
399.9738	146.2226	2468.7843
399.9755	143.4543	2468.7955
399.4261	137.9216	2468.8505
399.4285	134.0457	2468.8663
399.4322	127.9550	2468.8911
399.4342	124.6328	2468.9047
399.2265	120.8636	2471.0751
399.0961	116.7808	2466.8182
399.2327	110.3335	2471.1185
399.0964	116.2276	2466.8205
399.2370	103.1286	2471.1483
399.2392	99.2489	2471.1644
399.2418	94.8150	2471.1829
399.2452	88.7182	2471.2083
398.9033	86.9808	2469.0931
398.9064	81.4429	2469.1163
398.9086	77.5663	2469.1326
398.7005	73.2007	2471.3061
398.7030	68.7663	2471.3249
398.7054	64.3318	2471.3437
398.7093	57.1256	2471.3743
398.7099	56.0170	2471.3790
398.1588	51.5837	2471.4305
398.1609	47.7032	2471.4471
398.1638	42.1596	2471.4709
398.1656	38.8333	2471.4852
398.1682	33.8439	2471.5067
398.1713	27.7457	2471.5330
398.3024	28.3502	2475.8196
397.6211	21.0933	2471.5944
397.6237	16.1034	2471.6161
397.6253	12.7768	2471.6306
397.9719	3.9097	2473.7960
397.6311	1.1335	2471.6817
397.2937	-7.7320	2469.5978
397.2942	-8.8400	2469.6027
397.6375	-12.1738	2471.7404
397.9821	-17.1781	2473.8891
397.6417	-21.0456	2471.7798
397.0904	-26.0371	2471.8344
397.4340	-29.9437	2473.9786
397.0955	-37.1278	2471.8841
397.0970	-40.4551	2471.8990
397.0977	-42.1187	2471.9065
397.1002	-47.6643	2471.9315
397.1022	-52.1008	2471.9516
