-37.0900	-49.5831	2468.5345
-36.5019	-52.9063	2466.4334
-37.0930	-57.4438	2468.5807
-37.0934	-58.5668	2468.5873
-37.0970	-68.1123	2468.6435
-37.0981	-70.9199	2468.6600
-37.0343	-76.9617	2464.2854
-37.0681	-79.2733	2466.5022
-37.0700	-84.3228	2466.5320
-37.0713	-87.6892	2466.5519
-37.0731	-92.7388	2466.5818
-37.0415	-96.5816	2464.4012
-37.0762	-101.1552	2466.6316
-37.6683	-107.4202	2468.7895
-37.6704	-113.0364	2468.8228
-37.6710	-114.7212	2468.8329
-37.0824	-118.5500	2466.7347
-37.6740	-123.1457	2468.8830
-37.6754	-127.0773	2468.9064
-38.2350	-134.9386	2468.8668
-37.6456	-137.6277	2466.7620
-37.6464	-139.8725	2466.7754
-38.2386	-145.0488	2468.9272
-37.6512	-153.9027	2466.8592
-38.2096	-159.5126	2466.8064
-38.2105	-162.3188	2466.8233
-38.2123	-167.3700	2466.8536
-38.2479	-172.0117	2469.0888
-38.2483	-173.1352	2469.0956
-38.1826	-180.1204	2464.7266
-38.1841	-184.6068	2464.7535
-38.8116	-192.2330	2469.1241
-38.8121	-193.9184	2469.1343
-38.8123	-194.4803	2469.1377
-38.1895	-200.8706	2464.8515
-38.1912	-205.9183	2464.8819
-38.7840	-213.3943	2467.0445
-38.8184	-213.0208	2469.2498
-38.8228	-226.5059	2469.3315
-38.1970	-223.8664	2464.9905
-38.7206	-230.3906	2462.7438
-38.7210	-231.5114	2462.7506
-39.3829	-236.6165	2469.3065
-39.3498	-242.5833	2467.1351
-39.3510	-246.5133	2467.1591
-38.7268	-250.0061	2462.8629
-39.3186	-254.7103	2465.0052
-39.3552	-259.9884	2467.2412
-39.9135	-266.1604	2467.1924
-39.3229	-268.7349	2465.0908
-39.3238	-271.5399	2465.1079
-39.9180	-280.7595	2467.2818
-39.9187	-283.0056	2467.2956
-45.2497	-291.7628	2484.3334
-40.4769	-289.1778	2467.2469
-55.7020	-317.3987	2578.2814
-56.3368	-321.7981	2580.6271
-55.7059	-329.1356	2578.3572
-56.3419	-337.0704	2580.7259
-56.3442	-344.1195	2580.7716
-56.3454	-347.6441	2580.7945
-56.2942	-351.4315	2578.4096
-56.2950	-353.7792	2578.4248
-56.2978	-362.5831	2578.4820
-56.9861	-366.7760	2583.2406
-56.9342	-370.5494	2580.8512
-56.9352	-373.4870	2580.8704
-56.8847	-381.3597	2578.5121
-56.8849	-381.9467	2578.5160
-57.5216	-389.3437	2580.8816
-57.5233	-394.6316	2580.9162
-57.4709	-398.3763	2578.5310
-57.4711	-398.9633	2578.5349
-58.0540	-405.4138	2578.4848
-58.1100	-411.6645	2580.9354
-58.1118	-417.5406	2580.9740
-58.0587	-420.6773	2578.5849
-58.0591	-421.8515	2578.5926
-58.0623	-432.4193	2578.6620
-58.1175	-436.3452	2581.0976
-58.7556	-442.6237	2583.4607
-58.7005	-441.6266	2581.0400
-58.7559	-443.8001	2583.4685
-51.1432	365.0224	2594.2381
-51.0958	363.5044	2591.8098
-51.1432	365.0224	2594.2381
-51.1435	364.4329	2594.2415
-51.7305	359.7101	2594.1763
-51.1496	352.6426	2594.3096
-51.1034	348.7801	2591.8948
-51.7384	344.3826	2594.2650
-51.7390	343.2035	2594.2718
-51.7426	336.1289	2594.3128
-51.1130	329.9318	2592.0039
-49.8535	324.6266	2587.3576
-49.2264	320.2188	2585.0509
-49.8585	314.6308	2587.4155
-50.4434	311.0970	2587.3441
-12.6912	202.5215	2309.3269
-12.6920	200.4216	2309.3377
-12.6938	196.2217	2309.3594
-12.6956	192.0217	2309.3811
-13.2306	186.3985	2311.2688
-14.3136	179.4843	2316.9777
-14.3145	177.3773	2316.9887
-15.9559	166.4748	2326.5896
-17.0521	161.0557	2332.3665
-17.6248	157.7389	2338.2410
-18.2016	151.7406	2344.1592
-35.4361	142.1848	2474.3304
-34.7868	136.7584	2467.8059
-35.3867	109.9223	2470.0820
-35.3554	109.2632	2467.8757
-35.3563	107.0187	2467.8885
-35.3898	102.6213	2470.1236
-35.3901	102.0597	2470.1268
-35.3621	93.5516	2467.9652
-35.3635	90.1848	2467.9844
-35.9603	71.1670	2470.2172
-35.3710	72.2272	2468.0871
-35.2785	67.5561	2461.5061
-35.9664	56.5627	2470.3011
-35.9671	54.8775	2470.3108
-35.9368	50.3383	2468.1265
-35.9394	44.1646	2468.1621
-36.5312	38.0241	2470.3215
-36.5317	36.9006	2470.3280
-36.5349	29.0358	2470.3735
-35.9158	23.3759	2466.0755
-36.5064	18.9062	2468.2216
-36.5071	17.2222	2468.2314
-36.5109	7.6797	2468.2867
-36.5111	7.1184	2468.2900
-36.5158	-4.6700	2468.3585
-36.5162	-5.7927	2468.3650
-35.9322	-18.1278	2466.3163
-35.9331	-20.3714	2466.3294
-36.4914	-25.4196	2466.2726
-36.4929	-29.3461	2466.2955
-36.4619	-33.2438	2464.1153
-36.4961	-37.7602	2466.3447
-36.4979	-42.2478	2466.3710
-37.0900	-49.5831	2468.5345
-37.0928	-56.8823	2468.5774
-37.0934	-58.5668	2468.5873
-36.4739	-64.6309	2464.2991
-37.0974	-69.2353	2468.6501
-37.0985	-72.0429	2468.6666
-37.0366	-83.1278	2464.3218
-37.0706	-86.0060	2466.5420
-37.0731	-92.7388	2466.5818
-37.0743	-96.1053	2466.6017
-37.0758	-100.0330	2466.6249
-37.0770	-103.3996	2466.6449
-37.0468	-111.1575	2464.4875
-37.6704	-113.0364	2468.8228
-37.6720	-117.5294	2468.8496
-37.6736	-122.0224	2468.8763
-37.6420	-127.5266	2466.7018
-37.6426	-129.2101	2466.7118
-37.6444	-134.2606	2466.7419
-38.2370	-140.5553	2468.9003
-38.2386	-145.0488	2468.9272
-37.6166	-150.4029	2464.6348
-37.6526	-157.8313	2466.8827
-38.2101	-161.1963	2466.8165
-38.2475	-170.8881	2469.0821
-37.5936	-181.0853	2462.6189
-38.2161	-178.5953	2466.9210
-38.8116	-192.2330	2469.1241
-38.1880	-196.3839	2464.8244
-38.8151	-202.9076	2469.1886
-38.7818	-206.6580	2467.0037
-38.8177	-210.7734	2469.2361
-38.7842	-213.9556	2467.0479
-38.1963	-221.6228	2464.9769
-38.1965	-222.1837	2464.9803
-38.7206	-230.3906	2462.7438
-38.7904	-233.0429	2467.1636
-38.7563	-234.5202	2464.9688
-38.7210	-231.5114	2462.7506
-38.7268	-250.0061	2462.8629
-39.3517	-248.7591	2467.1728
-39.3183	-253.5883	2464.9984
-39.3193	-256.9541	2465.0189
-39.3216	-264.2469	2465.0634
-39.9135	-266.1604	2467.1924
-39.3238	-271.5399	2465.1079
-39.9163	-275.1443	2467.2474
-39.8823	-279.9507	2465.0730
-39.8843	-286.6832	2465.1142
-45.2497	-291.7628	2484.3334
-55.3899	-308.6476	2563.8607
-55.7038	-322.6802	2578.3155
-56.3400	-331.1963	2580.6879
-56.3415	-335.8955	2580.7183
-56.2905	-340.2804	2578.3373
-56.2915	-343.2149	2578.3563
-56.2942	-351.4315	2578.4096
-56.2950	-353.7792	2578.4248
-56.9836	-359.1317	2583.1909
-56.9320	-363.4996	2580.8053
-56.2978	-362.5831	2578.4820
-56.9350	-372.8995	2580.8666
-56.9363	-377.0121	2580.8934
-57.5735	-383.8231	2583.2595
-57.5209	-386.9935	2580.8662
-56.8849	-381.9467	2578.5160
-57.4709	-398.3763	2578.5310
-58.1610	-401.4592	2583.2825
-58.1632	-408.5167	2583.3288
-58.0540	-405.4138	2578.4848
-58.0583	-419.5032	2578.5772
-58.1142	-425.1797	2581.0242
-58.1156	-429.8809	2581.0551
-58.0623	-432.4193	2578.6620
-58.0630	-434.7678	2578.6775
-58.7005	-441.6266	2581.0400
-58.7559	-443.8001	2583.4685
-51.1432	365.0224	2594.2381
-51.1435	364.4329	2594.2415
-51.0989	357.6148	2591.8437
-51.1010	353.4920	2591.8675
-51.1505	350.8740	2594.3199
-51.7381	344.9721	2594.2616
-51.7411	339.0767	2594.2957
-51.1124	331.1098	2591.9971
-50.4833	326.0997	2589.6855
-50.4836	325.5112	2589.6889
-51.1144	326.9866	2592.0210
-49.8585	314.6308	2587.4155
-49.2290	314.9317	2585.0815
-50.4434	311.0970	2587.3441
-12.6912	202.5215	2309.3269
-12.6927	198.8467	2309.3459
-12.6942	195.1717	2309.3648
-12.6956	192.0217	2309.3811
-13.2304	186.9239	2311.2661
-13.2306	186.3985	2311.2688
-13.7779	181.4430	2315.0996
-14.3145	177.3773	2316.9887
-15.4166	168.4523	2324.6958
-17.6087	160.7930	2336.2427
-16.5106	163.0427	2330.4632
-17.0521	161.0557	2332.3665
-17.6093	159.1995	2336.2511
-35.4361	142.1848	2474.3304
-34.7868	136.7584	2467.8059
-35.3554	109.2632	2467.8757
-35.3867	109.9223	2470.0820
-35.3872	108.7991	2470.0884
-35.3901	102.0597	2470.1268
-35.3611	95.7962	2467.9524
-35.3621	93.5516	2467.9652
-35.3635	90.1848	2467.9844
-35.3708	72.7884	2468.0839
-35.3713	71.6660	2468.0903
-35.9303	66.0525	2468.0362
-35.9636	63.3032	2470.2623
-35.3453	58.1447	2465.9614
-35.3458	57.0232	2465.9678
-35.9373	49.2159	2468.1330
-36.5282	45.3269	2470.2794
-36.5312	38.0241	2470.3215
-35.9417	38.5520	2468.1944
-36.5349	29.0358	2470.3735
-35.9153	24.4975	2466.0690
-36.5349	29.0358	2470.3735
-36.5066	18.3449	2468.2249
-36.5071	17.2222	2468.2314
-35.9214	9.3552	2466.1566
-35.9218	8.2335	2466.1631
-36.5158	-4.6700	2468.3585
-36.5162	-5.7927	2468.3650
-35.9322	-18.1278	2466.3163
-35.9331	-20.3714	2466.3294
-36.4914	-25.4196	2466.2726
-36.4611	-31.0021	2464.1022
-36.4964	-38.3211	2466.3480
-36.4981	-42.8088	2466.3742
48.9535	-52.3103	2473.4383
48.3927	-53.9933	2473.3847
47.8741	-59.0940	2475.5515
48.3919	-58.4818	2473.4097
48.3903	-68.0200	2473.4629
48.3898	-70.8255	2473.4785
48.3890	-75.3143	2473.5035
48.4312	-80.9960	2475.7368
48.3873	-85.4143	2473.5599
48.3869	-87.6589	2473.5724
48.3856	-95.5148	2473.6163
48.3854	-96.6371	2473.6225
47.8658	-107.3927	2475.8213
48.3826	-112.9112	2473.7135
48.3824	-114.5948	2473.7229
47.8641	-117.5029	2475.8779
47.8625	-127.0519	2475.9314
48.3351	-139.7276	2471.6657
47.8176	-140.9717	2473.8076
47.7743	-144.7737	2471.6309
47.7735	-149.8207	2471.6592
47.7729	-153.1854	2471.6781
47.7720	-159.3541	2471.7127
47.7718	-160.4758	2471.7190
47.2528	-167.3511	2473.8926
47.2523	-170.7190	2473.9115
47.2514	-176.3323	2473.9431
47.7687	-180.1049	2471.8292
47.2923	-185.4765	2476.1966
47.2495	-189.2434	2474.0157
47.2065	-194.6863	2471.8482
47.7246	-190.0339	2469.6907
47.2054	-201.9779	2471.8892
47.2044	-208.7089	2471.9271
47.2460	-212.2605	2474.1454
47.2027	-219.9275	2471.9903
47.2021	-223.8542	2472.0125
46.6827	-230.7866	2474.1869
46.6824	-233.0325	2474.1995
46.6391	-244.6088	2472.0666
46.6390	-245.1698	2472.0697
46.6793	-254.9307	2474.3234
46.6362	-265.3668	2472.1839
46.6361	-265.9279	2472.1871
46.1160	-275.1445	2474.3747
46.1154	-279.0755	2474.3970
46.1150	-281.8834	2474.4129
46.0736	-283.8803	2472.2257
45.5944	-287.7501	2476.5853
34.1943	-314.1672	2588.0828
34.1609	-323.2688	2585.7334
33.6060	-329.4379	2588.1069
33.6368	-333.8569	2590.5412
33.6364	-336.7968	2590.5587
33.6034	-347.0617	2588.2119
33.5705	-356.7212	2585.8658
33.0462	-362.0795	2590.6427
33.5701	-359.6561	2585.8832
33.5681	-373.7439	2585.9672
33.5675	-377.8531	2585.9917
33.0428	-385.6031	2590.7833
33.0113	-389.3616	2588.3976
32.9801	-391.9392	2586.0091
32.9791	-398.9839	2586.0512
32.9790	-399.5710	2586.0547
32.4228	-408.1622	2588.4432
32.4226	-409.3375	2588.4503
32.4216	-416.9769	2588.4960
32.4209	-421.6781	2588.5242
31.8935	-430.6947	2593.3325
31.8629	-436.1805	2590.9527
31.8624	-439.7100	2590.9739
31.8619	-443.8278	2590.9986
31.8616	-446.1809	2591.0127
31.8914	-447.1808	2593.4316
31.8616	-446.1809	2591.0127
31.8914	-447.1808	2593.4316
31.8616	-446.1809	2591.0127
31.8914	-447.1808	2593.4316
39.8592	359.2137	2601.7061
39.2694	356.2626	2601.6564
39.2690	354.4939	2601.6665
39.3044	348.9215	2604.1341
39.3035	344.7903	2604.1577
39.2659	340.9327	2601.7437
39.8164	334.1396	2599.4174
39.2635	330.3191	2601.8042
65.2894	187.3248	2335.1295
65.2892	186.2659	2335.1350
63.9131	173.6050	2342.9012
63.9669	172.6872	2344.8834
51.4405	155.8235	2537.8283
50.2414	123.0037	2479.2087
50.1963	121.7713	2477.0071
50.7111	115.4918	2474.8999
50.1938	108.8531	2477.0782
50.1935	107.7298	2477.0844
49.6697	72.4052	2479.4248
50.1403	63.8580	2475.1215
49.6234	62.2289	2477.2724
49.5775	53.7540	2475.1144
49.5770	50.9475	2475.1299
49.5758	44.7730	2475.1640
49.5757	44.2116	2475.1671
49.5724	26.8099	2475.2634
49.5717	22.8803	2475.2851
49.5713	20.6348	2475.2976
49.5238	2.6669	2473.1959
49.5684	4.9156	2475.3847
49.5236	1.5451	2473.2021
49.0041	-13.6120	2475.4246
49.5204	-15.8444	2473.2986
47.9665	-21.5094	2479.7564
48.4842	-25.9867	2477.6355
48.9977	-49.5480	2475.6244
48.9535	-52.3103	2473.4383
48.3924	-55.6765	2473.3941
48.3919	-58.4818	2473.4097
48.3903	-68.0200	2473.4629
47.9154	-67.5764	2477.8042
48.3890	-75.3143	2473.5035
48.3885	-78.1198	2473.5192
48.4310	-82.6808	2475.7462
47.8690	-88.2967	2475.7145
47.8688	-89.9815	2475.7239
48.3856	-95.5148	2473.6163
48.3854	-96.6371	2473.6225
47.8655	-109.0777	2475.8307
47.8651	-111.8861	2475.8465
48.3823	-115.1559	2473.7261
47.8625	-127.0519	2475.9314
47.9474	-132.3393	2480.3762
48.3351	-139.7276	2471.6657
47.7743	-144.7737	2471.6309
47.7738	-147.5775	2471.6467
47.7729	-153.1854	2471.6781
47.8150	-157.2486	2473.8990
47.7718	-160.4758	2471.7190
47.2524	-170.1577	2473.9084
47.2517	-174.6483	2473.9336
47.8116	-179.1401	2474.0219
47.7685	-181.7874	2471.8387
47.7247	-189.4735	2469.6875
47.2065	-194.6863	2471.8482
47.2061	-196.9299	2471.8608
47.2476	-201.5937	2474.0853
47.2051	-203.6607	2471.8987
47.2044	-208.7089	2471.9271
46.6851	-214.5048	2474.0950
47.2027	-219.9275	2471.9903
47.2441	-225.1735	2474.2183
47.2440	-226.2964	2474.2246
46.6827	-231.3481	2474.1900
46.6821	-235.2784	2474.2122
46.6391	-244.6088	2472.0666
46.6390	-245.1698	2472.0697
46.1181	-259.4212	2474.2856
46.6362	-265.3668	2472.1839
46.1577	-271.4520	2476.5561
46.6361	-265.9279	2472.1871
46.1159	-275.7061	2474.3779
46.0738	-282.1971	2472.2161
46.1146	-285.2529	2474.4320
45.5944	-287.7501	2476.5853
34.1942	-314.7546	2588.0863
34.1931	-322.3910	2588.1317
34.1923	-327.6779	2588.1631
33.6057	-331.2002	2588.1174
34.1601	-328.5509	2585.7648
33.6359	-340.3248	2590.5797
33.6034	-347.0617	2588.2119
33.0480	-349.7307	2590.5690
33.6022	-355.2866	2588.2609
33.5702	-359.0691	2585.8797
33.5701	-359.6561	2585.8832
33.0451	-369.7244	2590.6884
33.5681	-373.7439	2585.9672
33.0128	-378.7853	2588.3344
33.5675	-377.8531	2585.9917
32.9801	-391.9392	2586.0091
32.4552	-393.2459	2590.7622
32.4546	-397.3629	2590.7868
32.9790	-399.5710	2586.0547
32.4226	-409.3375	2588.4503
32.4216	-416.9769	2588.4960
31.8941	-426.5734	2593.3078
32.4209	-421.6781	2588.5242
31.8636	-430.8864	2590.9209
31.8633	-432.6511	2590.9315
31.8625	-439.1218	2590.9703
31.8618	-444.4161	2591.0021
31.8616	-446.1809	2591.0127
31.8914	-447.1808	2593.4316
31.8616	-446.1809	2591.0127
31.8914	-447.1808	2593.4316
39.8592	359.2137	2601.7061
39.3063	357.1835	2604.0870
39.3421	353.3806	2606.5490
39.3043	348.3313	2604.1375
39.2661	341.5223	2601.7404
39.2649	336.2156	2601.7706
39.2646	335.0363	2601.7773
39.2635	330.3191	2601.8042
65.2894	187.3248	2335.1295
65.2892	186.2659	2335.1350
63.9132	174.1362	2342.8985
63.9131	173.6050	2342.9012
63.9669	172.6872	2344.8834
63.9131	173.6050	2342.9012
63.9669	172.6872	2344.8834
51.4405	155.8235	2537.8283
50.2414	123.0037	2479.2087
50.1963	121.7713	2477.0071
50.7111	115.4918	2474.8999
50.1949	114.4698	2477.0473
50.1938	108.8531	2477.0782
50.1935	107.7298	2477.0844
49.6697	72.4052	2479.4248
49.7140	71.9070	2481.6401
50.1403	63.8580	2475.1215
49.5775	53.7540	2475.1144
49.5774	53.1927	2475.1175
49.5762	47.0183	2475.1516
49.5757	44.2116	2475.1671
49.0561	30.7667	2477.3835
49.5724	26.8099	2475.2634
49.5716	22.3189	2475.2883
49.5713	20.6348	2475.2976
49.5684	4.9156	2475.3847
49.0513	5.4822	2477.5237
49.5236	1.5451	2473.2021
49.5204	-15.8444	2473.2986
48.4842	-25.9867	2477.6355
48.9977	-49.5480	2475.6244
137.0692	-52.8051	2479.2270
136.7486	-56.2674	2483.5968
136.5067	-68.5084	2479.2711
136.6276	-67.4450	2481.4588
136.6276	-71.3743	2481.4796
136.7488	-75.3690	2483.6979
136.9482	-70.6901	2477.1319
136.6277	-86.5308	2481.5598
137.0695	-90.9423	2479.4285
136.6278	-90.4604	2481.5806
136.6278	-96.6356	2481.6133
136.5069	-98.2344	2479.4283
136.5069	-108.8917	2479.4847
136.5070	-115.0619	2479.5173
136.1853	-114.1390	2483.8645
136.2658	-127.7416	2475.2088
135.9443	-126.8425	2479.5409
136.5070	-131.3297	2479.6035
136.2658	-128.3016	2475.2118
136.0648	-139.8667	2481.8035
136.5071	-148.1595	2479.6926
136.5071	-149.2815	2479.6986
136.0648	-154.4658	2481.8809
136.0648	-162.3272	2481.9226
135.9443	-167.2352	2479.7550
135.9443	-168.9184	2479.7639
135.9443	-174.5290	2479.7937
135.9443	-179.5787	2479.8205
135.5015	-186.4750	2482.0120
135.9443	-189.1173	2479.8711
135.9443	-192.4840	2479.8890
135.9443	-196.9729	2479.9128
135.9443	-202.0231	2479.9397
135.5015	-205.5698	2482.1135
135.8241	-206.8929	2477.7755
136.3863	-217.5448	2477.8708
136.3863	-218.1055	2477.8738
135.9443	-224.4694	2480.0589
136.0648	-226.3504	2482.2628
135.3814	-235.6941	2480.0798
135.3814	-240.1838	2480.1037
135.3814	-245.7960	2480.1336
135.3814	-250.2859	2480.1575
135.3814	-254.7759	2480.1814
135.3814	-258.7047	2480.2023
135.3813	-266.5625	2480.2441
135.3813	-267.6851	2480.2501
134.9380	-273.5376	2482.4365
135.2615	-276.4244	2478.1063
135.2615	-280.9110	2478.1302
134.8184	-282.8410	2480.2920
135.2614	-285.9584	2478.1571
125.9965	-311.3603	2586.8932
126.6984	-327.7893	2601.3642
126.5808	-333.3715	2598.9877
127.0524	-332.4780	2596.6197
126.5807	-345.1361	2599.0532
126.5806	-350.4304	2599.0827
126.5805	-356.3131	2599.1154
126.4632	-358.9259	2596.7267
126.4631	-364.8034	2596.7594
126.4631	-365.3912	2596.7627
125.9908	-373.9630	2599.1735
125.9907	-379.2579	2599.2030
125.9907	-382.7879	2599.2227
125.9906	-388.6714	2599.2555
125.9906	-391.6131	2599.2719
125.9905	-396.9084	2599.3014
125.9904	-406.3225	2599.3540
125.8736	-407.7144	2596.9582
125.8736	-409.4780	2596.9681
125.8735	-414.7688	2596.9976
125.8735	-417.1203	2597.0107
125.5171	-427.8986	2601.8422
125.8733	-430.0540	2597.0829
125.8733	-431.2298	2597.0894
125.4004	-439.8645	2599.5010
125.8731	-446.5160	2597.1748
125.4003	-449.2802	2599.5537
125.8731	-448.2799	2597.1846
125.4003	-449.2802	2599.5537
125.8731	-448.2799	2597.1846
125.4003	-449.2802	2599.5537
132.7304	365.6417	2612.4386
133.1990	364.7138	2610.0522
132.7308	359.7377	2612.4708
132.8548	354.7518	2614.9336
133.2002	347.6078	2610.1454
133.2012	331.6805	2610.2321
132.8560	335.8405	2615.0367
132.3862	336.7434	2617.4323
132.6097	324.6019	2610.2310
134.1367	317.5247	2605.5389
134.0126	313.1142	2603.1450
134.2298	310.4911	2595.9714
149.9536	252.4686	2346.2896
150.2351	248.8726	2342.4206
150.7955	236.9659	2334.7445
150.6700	235.7155	2332.8067
150.2655	234.8550	2334.7185
150.3910	230.8234	2336.6859
150.6704	228.8597	2332.8407
150.1412	220.4218	2332.8460
150.1414	217.2574	2332.8617
150.1417	213.0382	2332.8826
150.1419	209.3463	2332.9010
149.6124	204.0723	2332.8905
149.6125	202.4900	2332.8984
149.2071	200.5461	2334.8156
149.3319	194.3724	2336.7938
149.0502	187.2861	2340.6969
148.7676	181.2363	2344.6079
148.3596	176.6122	2346.5577
147.7893	170.2818	2354.4026
147.6272	162.1706	2360.3561
141.5678	146.8844	2538.8156
138.6807	139.4062	2487.0860
138.6809	134.3451	2487.1126
138.5581	130.2936	2484.9299
138.9990	125.1263	2482.7954
138.9992	120.0738	2482.8220
138.9994	114.4597	2482.8515
138.6815	115.7868	2487.2102
138.5588	108.3798	2485.0451
138.5590	102.7605	2485.0747
138.5591	99.3889	2485.0924
138.5593	93.7695	2485.1220
138.5594	89.8358	2485.1427
138.4368	84.7032	2482.9694
138.8775	77.3356	2480.8501
138.4371	71.7889	2483.0373
138.3148	65.5542	2480.8736
137.9484	67.0592	2474.2987
138.4375	58.8740	2483.1053
138.4376	54.3817	2483.1289
137.8741	49.8892	2483.1140
137.8743	44.8351	2483.1406
137.8743	42.0273	2483.1554
137.7524	35.8179	2480.9914
137.7524	34.6957	2480.9973
137.8746	27.9876	2483.2294
137.4330	20.1432	2485.4327
137.7527	18.4234	2481.0831
137.7527	17.8623	2481.0860
137.7529	8.8840	2481.1333
137.8750	6.0842	2483.3449
137.4333	4.4035	2485.5158
137.3116	-2.3410	2483.3507
137.1901	-8.5126	2481.1864
137.1901	-9.6350	2481.1923
136.8695	-15.8349	2485.5839
136.8695	-18.6459	2485.5988
137.1903	-24.2265	2481.2693
137.0690	-32.0564	2479.1175
137.0690	-33.1779	2479.1234
136.7484	-37.1673	2483.4959
136.7485	-42.2231	2483.5226
137.0692	-51.6835	2479.2211
137.0692	-52.8051	2479.2270
136.3058	-58.0034	2485.7681
136.7487	-64.1326	2483.6384
136.6276	-68.0064	2481.4618
136.9482	-70.6901	2477.1319
136.6277	-86.5308	2481.5598
137.0695	-90.9423	2479.4285
137.0696	-93.7467	2479.4433
136.5069	-98.2344	2479.4283
136.6278	-103.3723	2481.6489
136.6279	-108.4250	2481.6757
136.5069	-111.6963	2479.4995
136.5070	-116.1838	2479.5233
136.5070	-120.1104	2479.5441
135.9443	-125.7205	2479.5349
136.5070	-129.6468	2479.5946
136.5070	-134.1346	2479.6183
136.0648	-142.1127	2481.8154
136.5071	-148.1595	2479.6926
136.0648	-151.6582	2481.8660
136.5071	-149.2815	2479.6986
136.0648	-162.3272	2481.9226
135.9443	-167.2352	2479.7550
136.0648	-169.6272	2481.9614
136.0648	-175.2428	2481.9912
135.9443	-179.5787	2479.8205
135.9443	-181.2620	2479.8294
135.9443	-185.7507	2479.8532
135.9443	-191.3617	2479.8830
135.9443	-196.4118	2479.9099
135.9443	-199.2174	2479.9248
135.8241	-206.3322	2477.7725
135.8241	-206.8929	2477.7755
135.9443	-213.2460	2479.9993
135.5015	-221.2961	2482.1971
136.3863	-218.1055	2477.8738
135.9443	-225.5917	2480.0649
135.3814	-235.6941	2480.0798
135.3814	-240.1838	2480.1037
135.3814	-243.5511	2480.1216
135.3814	-247.4797	2480.1425
135.3814	-254.7759	2480.1814
135.3814	-258.1435	2480.1993
134.9380	-262.3021	2482.3766
135.3813	-266.5625	2480.2441
135.2615	-274.7420	2478.0974
134.8184	-282.2797	2480.2890
134.8184	-282.8410	2480.2920
135.2614	-285.9584	2478.1571
136.2656	-286.2677	2476.0497
135.2614	-285.9584	2478.1571
125.9965	-311.3603	2586.8932
126.5809	-321.0192	2598.9191
126.5809	-322.7838	2598.9289
127.0524	-332.4780	2596.6197
126.5807	-339.8420	2599.0237
126.5807	-344.5479	2599.0499
126.5806	-349.2539	2599.0761
126.4632	-358.3382	2596.7234
126.4631	-364.8034	2596.7594
126.5804	-368.6671	2599.1842
126.4631	-365.3912	2596.7627
125.9907	-382.7879	2599.2227
126.5802	-385.1401	2599.2760
125.9906	-391.6131	2599.2719
125.9905	-395.1433	2599.2916
125.9905	-397.4968	2599.3047
125.8736	-407.7144	2596.9582
125.9903	-411.0297	2599.3802
125.8735	-415.3567	2597.0009
125.8735	-417.1203	2597.0107
125.8733	-430.0540	2597.0829
125.8733	-431.2298	2597.0894
125.4004	-439.8645	2599.5010
125.8731	-446.5160	2597.1748
125.8731	-448.2799	2597.1846
125.4003	-449.2802	2599.5537
125.8731	-448.2799	2597.1846
125.4003	-449.2802	2599.5537
133.1990	364.7138	2610.0522
132.8541	363.6160	2614.8852
132.8542	363.0250	2614.8885
133.3237	353.8331	2612.5426
133.2001	348.7875	2610.1389
133.2002	347.6078	2610.1454
132.3862	337.3350	2617.4290
132.3862	336.7434	2617.4323
133.0777	327.8384	2607.8263
133.5456	320.4696	2605.4835
132.6097	324.6019	2610.2310
133.0781	321.3551	2607.8616
134.2298	310.4911	2595.9714
149.9536	252.4686	2346.2896
150.2350	250.4611	2342.4127
150.2351	248.8726	2342.4206
150.3608	247.4892	2344.3876
150.5159	239.4732	2338.5934
150.6700	235.7155	2332.8067
150.6704	228.8597	2332.8407
150.1412	221.4766	2332.8408
150.1414	217.7848	2332.8591
150.1417	211.9834	2332.8879
150.1420	207.2366	2332.9115
149.6124	204.0723	2332.8905
149.6125	202.4900	2332.8984
149.2071	200.5461	2334.8156
149.3319	194.3724	2336.7938
149.0502	187.2861	2340.6969
148.3596	176.6122	2346.5577
148.0749	173.1866	2350.4750
147.6272	162.1706	2360.3561
141.5678	146.8844	2538.8156
138.6807	139.4062	2487.0860
138.9986	135.7924	2482.7394
138.5581	130.2936	2484.9299
138.5583	124.6748	2484.9594
139.1225	117.3703	2485.0363
138.9994	114.4597	2482.8515
138.5588	108.3798	2485.0451
138.5590	102.1986	2485.0776
138.6821	97.7895	2487.3049
138.5593	93.2076	2485.1249
138.4367	88.6335	2482.9487
138.4368	84.7032	2482.9694
138.5597	80.2824	2485.1930
138.4370	75.7194	2483.0166
138.5599	71.2906	2485.2403
137.9484	67.0592	2474.2987
138.0703	66.5584	2476.4866
138.5602	58.3643	2485.3084
137.9964	52.1818	2485.3024
137.8741	49.8892	2483.1140
138.3153	41.4289	2481.0005
138.3153	40.8679	2481.0035
137.8744	36.4115	2483.1850
137.4328	31.9473	2485.3704
137.8746	27.4260	2483.2324
137.7527	18.4234	2481.0831
137.3113	13.3853	2483.2677
137.4332	7.2142	2485.5009
137.7529	8.8840	2481.1333
137.3115	1.0290	2483.3329
137.3116	-3.4643	2483.3566
137.1901	-8.5126	2481.1864
137.3117	-12.4512	2483.4041
137.1902	-19.7367	2481.2456
137.1902	-20.2979	2481.2486
137.1903	-24.2265	2481.2693
137.1904	-31.5225	2481.3078
137.1904	-33.7675	2481.3197
137.1905	-38.2575	2481.3434
137.1905	-46.1153	2481.3849
137.1906	-47.2378	2481.3908
222.6601	-55.0924	2489.8801
222.6604	-56.7775	2489.8886
224.1295	-67.7736	2481.2660
222.6616	-64.0795	2489.9254
223.9603	-67.3306	2485.6100
224.6929	-74.4894	2481.3144
224.6932	-76.1686	2481.3229
225.2877	-83.6614	2487.9073
225.4869	-88.2273	2490.1201
225.2889	-90.9573	2487.9441
225.2898	-96.5698	2487.9723
225.2904	-100.4986	2487.9921
225.2909	-103.3049	2488.0063
225.1243	-109.1078	2492.4049
225.2921	-111.1627	2488.0459
222.1074	-129.8087	2490.2422
221.9135	-141.4851	2488.1109
222.1104	-151.7217	2490.3533
221.5464	-154.5333	2490.3525
221.7205	-158.1901	2486.0089
222.8481	-164.9170	2486.0732
223.3856	-166.7231	2479.5752
224.1452	-174.7043	2481.8055
224.3716	-179.8084	2490.5549
224.5400	-178.3726	2486.1855
224.1454	-176.3842	2481.8140
224.5413	-188.4697	2486.2367
224.5418	-192.3965	2486.2567
224.7402	-198.1780	2488.4725
224.5434	-205.2991	2486.3223
224.5434	-205.8601	2486.3252
224.5440	-210.3481	2486.3480
224.1781	-213.3410	2488.5353
223.6414	-216.1554	2495.1032
220.7966	-231.3278	2488.5376
220.7967	-231.8894	2488.5405
221.3611	-236.9407	2488.5816
221.3616	-241.4335	2488.6045
220.2344	-248.7408	2488.6112
221.8832	-264.1968	2475.7011
220.7803	-262.0924	2482.1603
221.8832	-264.1968	2475.7011
220.4298	-260.1997	2490.8610
222.4684	-268.8046	2482.2402
222.2735	-272.4898	2480.0835
222.0785	-271.6950	2477.9076
223.0576	-282.4231	2488.8593
223.0577	-284.1081	2488.8680
223.2285	-284.1725	2484.5131
218.7906	-319.1336	2605.5154
218.7908	-321.4857	2605.5279
218.7917	-330.8944	2605.5778
218.5909	-338.2315	2603.2217
218.5912	-341.7567	2603.2404
218.5915	-344.6945	2603.2561
218.2043	-362.6559	2605.7330
218.2045	-365.0084	2605.7455
218.4064	-371.2276	2608.1782
218.4070	-378.2920	2608.2159
218.4075	-385.3565	2608.2536
218.4079	-390.0663	2608.2787
218.7970	-393.2353	2605.9097
218.2072	-398.5343	2605.9243
218.2073	-399.1226	2605.9275
218.2079	-407.9459	2605.9746
218.2080	-409.1224	2605.9809
218.4100	-417.7380	2608.4267
218.2088	-420.2991	2606.0407
218.2099	-436.1826	2606.1258
218.2100	-436.7709	2606.1289
218.2103	-441.4774	2606.1542
218.2104	-442.6540	2606.1605
218.4124	-452.4790	2608.6130
233.0876	260.7203	2350.2814
225.8218	366.2594	2623.8355
225.8229	363.3027	2623.8504
225.8233	362.1199	2623.8563
225.6169	354.1065	2621.4648
225.6194	347.0164	2621.5005
225.6202	344.6531	2621.5124
225.2366	340.8345	2623.9509
225.2382	336.1032	2623.9747
225.6238	334.0176	2621.5660
233.0876	260.7203	2350.2814
232.8487	251.4106	2342.5442
232.8028	244.4676	2336.7784
232.6116	240.5825	2334.8649
232.8038	241.3067	2336.7931
232.7593	230.7266	2331.0726
232.7608	225.4711	2331.0972
232.7610	224.9455	2331.0996
232.7621	221.2666	2331.1168
232.7635	216.5365	2331.1389
232.7649	211.8063	2331.1611
232.7653	210.2295	2331.1685
232.4307	203.0395	2333.1122
232.4316	199.8833	2333.1269
232.0956	195.3109	2335.0616
232.0965	192.1520	2335.0764
231.5687	186.3623	2335.0881
231.5690	185.3093	2335.0931
231.4231	181.9241	2338.9604
231.2773	176.4146	2342.8504
230.7913	168.3816	2348.7009
230.4944	162.5665	2356.5339
228.1253	155.3641	2376.2642
227.9702	155.0890	2380.2539
226.6029	137.8512	2495.5971
226.4044	132.6701	2493.4221
226.5705	129.6301	2489.0618
226.4058	127.0477	2493.4500
226.4076	119.7384	2493.4862
226.4087	115.2402	2493.5084
226.2110	107.8358	2491.3483
226.2112	106.7122	2491.3538
226.2117	105.0268	2491.3622
226.4128	98.3715	2493.5921
226.0153	93.1468	2489.2280
226.0166	87.5333	2489.2558
225.8518	80.9401	2493.6643
225.4868	75.9464	2495.8756
224.7247	67.4444	2493.7025
224.7248	66.8820	2493.7053
224.3317	54.4128	2489.3767
224.3318	53.8514	2489.3795
223.7689	48.2372	2489.3926
223.7699	43.1840	2489.4178
223.7703	41.4996	2489.4262
224.5332	36.4786	2491.6596
225.0987	32.5447	2491.6938
224.7030	30.2428	2487.3222
224.8718	25.7087	2482.9916
225.4675	18.4785	2489.5851
225.4682	15.1095	2489.6019
225.6679	10.0653	2491.8204
225.4701	5.5637	2489.6496
225.4710	1.0715	2489.6720
225.4717	-2.8593	2489.6917
225.4726	-7.3517	2489.7141
225.4735	-11.8441	2489.7366
225.4740	-14.6520	2489.7507
222.6559	-30.9411	2489.7587
222.6564	-33.7493	2489.7728
222.6586	-46.1056	2489.8349
222.6587	-46.6673	2489.8378
222.6601	-55.0924	2489.8801
222.6602	-55.6541	2489.8830
223.3967	-65.0888	2485.5839
224.1295	-67.7736	2481.2660
223.9603	-67.3306	2485.6100
224.3274	-73.4341	2483.4730
225.0887	-77.9820	2485.6927
224.8908	-77.3546	2483.5073
224.6932	-76.1686	2481.3229
225.2888	-90.3961	2487.9412
225.2896	-95.4473	2487.9667
225.2903	-99.9373	2487.9893
225.2909	-103.3049	2488.0063
225.2919	-110.0401	2488.0403
225.2921	-111.1627	2488.0459
224.9266	-113.5076	2490.2334
222.6956	-126.2038	2496.8180
222.1074	-129.8087	2490.2422
221.9135	-141.4851	2488.1109
221.5667	-145.3611	2496.8853
221.9135	-141.4851	2488.1109
221.7205	-158.1901	2486.0089
222.4801	-161.6936	2488.2285
223.0443	-164.4985	2488.2576
223.3856	-167.2825	2479.5780
223.7519	-172.1667	2477.4462
224.3425	-177.0973	2483.9964
224.1454	-176.3842	2481.8140
224.5412	-187.3478	2486.2311
224.5417	-191.2745	2486.2510
224.5418	-192.3965	2486.2567
224.5434	-205.2991	2486.3223
224.0089	-214.8396	2492.9129
224.5440	-210.3481	2486.3480
224.1781	-213.3410	2488.5353
220.7966	-231.3278	2488.5376
220.9914	-232.6530	2490.7353
221.3610	-235.8176	2488.5758
221.3614	-239.7487	2488.5959
221.3616	-241.4335	2488.6045
220.2345	-249.3024	2488.6141
220.7991	-256.0389	2488.6640
220.7803	-262.0924	2482.1603
221.8832	-264.1968	2475.7011
222.0779	-266.1029	2477.8790
222.8607	-276.0051	2486.6395
223.0574	-280.7381	2488.8507
223.2285	-284.1725	2484.5131
223.0577	-284.1081	2488.8680
218.7906	-319.1336	2605.5154
218.7908	-320.8977	2605.5247
218.7908	-321.4857	2605.5279
218.7918	-331.4825	2605.5809
218.4033	-336.4975	2607.9933
218.5910	-338.8191	2603.2248
218.5914	-343.5194	2603.2498
218.5915	-344.6945	2603.2561
218.4052	-357.0996	2608.1029
218.4054	-359.4542	2608.1155
218.2043	-362.6559	2605.7330
218.2045	-365.0084	2605.7455
218.4064	-371.2276	2608.1782
218.4070	-378.2920	2608.2159
218.4075	-385.3565	2608.2536
218.7970	-392.6471	2605.9066
218.7972	-394.9999	2605.9191
218.2073	-399.1226	2605.9275
218.2079	-407.9459	2605.9746
218.2080	-409.1224	2605.9809
218.2087	-417.9461	2606.0281
218.2087	-418.5343	2606.0313
218.4106	-425.9812	2608.4709
218.4108	-429.5141	2608.4898
218.2099	-436.1826	2606.1258
218.2100	-437.3592	2606.1321
218.2104	-442.6540	2606.1605
218.4124	-452.4790	2608.6130
233.2334	257.6434	2346.4066
233.0876	260.7203	2350.2814
225.8218	366.2594	2623.8355
226.0317	365.4129	2626.2761
225.6144	361.1963	2621.4291
225.6157	357.6514	2621.4469
225.6171	353.5156	2621.4678
225.6194	347.0164	2621.5005
225.2353	344.3829	2623.9330
225.6218	339.9262	2621.5363
225.6238	334.0176	2621.5660
225.2384	335.5118	2623.9777
225.6238	334.0176	2621.5660
233.2334	257.6434	2346.4066
232.9948	246.7773	2338.7023
232.6568	248.0380	2340.6190
232.8495	248.7701	2342.5566
232.8036	241.8335	2336.7907
232.9504	234.0714	2332.9823
232.7593	230.7266	2331.0726
232.7594	230.2010	2331.0751
232.9533	224.6038	2333.0265
232.7621	221.2666	2331.1168
232.7640	214.9597	2331.1463
232.7650	211.2807	2331.1635
232.7653	210.2295	2331.1685
232.4305	203.5655	2333.1097
231.9032	197.7811	2333.1214
231.9038	195.6769	2333.1312
232.0965	192.1520	2335.0764
231.5687	186.3623	2335.0881
231.4227	183.5063	2338.9529
231.5690	185.3093	2335.0931
231.1307	171.9451	2346.7485
230.7913	168.3816	2348.7009
230.4941	163.6293	2356.5288
230.4944	162.5665	2356.5339
226.6030	137.2885	2495.5999
226.4044	132.6701	2493.4221
226.4054	128.7344	2493.4416
226.5720	123.4562	2489.0923
226.5722	122.8949	2489.0950
226.4088	114.6779	2493.5112
226.2110	107.8358	2491.3483
226.0459	103.5242	2495.7529
226.2117	105.0268	2491.3622
226.0150	94.2694	2489.2224
226.0153	93.1468	2489.2280
226.0166	87.5333	2489.2558
225.8513	83.1895	2493.6531
226.2167	83.6774	2491.4681
225.8526	77.5659	2493.6811
224.7247	67.4444	2493.7025
224.7248	66.8820	2493.7053
224.1607	62.3833	2493.7130
224.3317	54.4128	2489.3767
224.3319	53.2899	2489.3823
223.7689	48.2372	2489.3926
223.7699	43.1840	2489.4178
223.7703	41.4996	2489.4262
224.5056	29.6553	2485.1393
224.7029	30.8038	2487.3194
224.8716	26.8287	2482.9860
224.9024	22.9704	2489.5482
225.1014	19.6192	2491.7583
225.4682	15.1095	2489.6019
225.4695	8.3713	2489.6355
225.4702	5.0022	2489.6524
225.4711	0.5099	2489.6748
225.4720	-3.9824	2489.6973
225.4728	-8.4748	2489.7198
225.4736	-12.4057	2489.7394
225.4740	-14.6520	2489.7507
225.1084	-16.3507	2491.9383
223.4166	-28.7183	2491.9564
222.6559	-30.9411	2489.7587
222.6564	-33.7493	2489.7728
222.6586	-46.1056	2489.8349
222.8553	-48.3938	2492.0404
311.6227	-55.0974	2499.0633
311.6239	-59.0327	2499.0822
311.6250	-62.4058	2499.0983
312.2067	-67.3467	2494.7312
311.6279	-71.9633	2499.1442
311.9032	-78.2148	2501.3657
311.3405	-83.2814	2501.3999
311.6328	-88.2679	2499.2227
311.3615	-93.8097	2497.0617
311.0724	-100.0777	2499.2894
311.0727	-101.2022	2499.2948
311.0758	-111.8858	2499.3466
311.3510	-119.8615	2501.5770
311.0804	-128.7555	2499.4286
311.0818	-133.8165	2499.4533
311.0828	-137.7530	2499.4725
311.0841	-142.8143	2499.4972
311.0852	-146.7509	2499.5165
311.0865	-151.8123	2499.5413
310.8149	-155.6147	2497.3720
310.8159	-159.5481	2497.3913
310.7992	-168.2712	2501.8235
310.7995	-169.3970	2501.8290
310.8201	-176.9680	2497.4769
311.0938	-181.6204	2499.6878
311.0951	-187.2449	2499.7156
311.0958	-190.0572	2499.7295
311.1152	-194.7784	2495.3711
311.3894	-202.2523	2497.5922
311.1173	-204.3239	2495.4184
311.0996	-206.9317	2499.8131
310.8294	-217.4315	2497.6773
310.5582	-221.7363	2495.5145
310.8312	-225.8621	2497.7193
310.8313	-226.4242	2497.7221
310.8332	-235.4172	2497.7670
310.8342	-240.4759	2497.7923
310.8349	-243.8484	2497.8091
310.8353	-246.0968	2497.8204
310.8363	-251.1557	2497.8458
310.8383	-261.2738	2497.8966
310.8579	-266.4286	2493.5481
310.5677	-269.4730	2495.7535
310.8410	-275.8896	2497.9702
310.8419	-280.9491	2497.9957
310.8422	-282.6356	2498.0042
302.5906	-300.3202	2547.3832
311.2349	-320.5561	2615.1538
311.2355	-324.0874	2615.1721
310.9318	-328.5125	2617.6048
310.9331	-335.5820	2617.6416
310.9339	-340.2951	2617.6661
310.9343	-342.6517	2617.6784
310.6499	-346.4618	2615.3015
310.9363	-353.8457	2617.7367
310.9371	-358.5592	2617.7614
310.9383	-366.2187	2617.8014
310.9385	-367.3971	2617.8076
310.9392	-371.5216	2617.8292
310.9402	-377.4138	2617.8601
310.9409	-382.1277	2617.8849
310.9418	-388.0201	2617.9158
310.9426	-393.3234	2617.9438
310.9623	-395.5435	2613.1533
310.9436	-399.8054	2617.9779
310.6592	-404.7421	2615.6072
310.9452	-410.4127	2618.0339
310.9650	-413.7780	2613.2495
310.9464	-419.2524	2618.0807
310.9471	-423.9670	2618.1056
310.9482	-431.6285	2618.1463
310.9486	-435.1646	2618.1650
310.6638	-437.7146	2615.7818
310.6639	-438.3034	2615.7849
310.9503	-447.5415	2618.2309
311.2554	-452.4253	2615.8470
311.2554	-453.0142	2615.8501
310.9704	-454.3692	2613.4649
318.3137	365.9576	2628.5925
318.6092	362.7441	2631.0317
318.6102	360.9700	2631.0396
318.6142	354.4647	2631.0685
318.3203	345.3258	2633.5529
318.3234	339.9981	2633.5768
318.0324	335.5469	2631.1673
318.3286	331.1183	2633.6165
318.3289	330.5263	2633.6192
318.0407	321.3519	2631.2309
318.6492	312.4979	2621.5550
317.4865	304.9035	2611.9864
317.4815	300.7593	2616.8115
317.1933	295.7840	2614.4352
316.9053	291.4048	2612.0606
317.2074	284.6805	2609.6874
316.9112	280.8350	2612.1083
316.9131	277.3116	2612.1242
316.6183	269.9289	2614.5655
316.6192	268.1655	2614.5735
316.6306	263.5656	2609.7962
316.6243	258.7607	2614.6161
316.6252	256.9973	2614.6241
316.6388	248.3105	2609.8654
314.3421	215.9080	2493.3819
314.3543	216.6485	2489.0146
315.4589	210.6633	2497.7646
316.5978	203.5573	2493.3968
314.0803	189.9530	2491.3190
314.3673	190.3441	2489.1322
314.3794	191.1281	2484.7798
315.1961	181.0039	2612.6043
315.1992	174.5419	2612.6342
315.2011	170.4298	2612.6532
314.9027	165.8846	2615.0827
315.2053	161.6177	2612.6941
314.6165	161.0336	2612.7101
314.9175	160.2968	2610.3096
314.3571	131.7056	2502.5363
314.3581	129.4546	2502.5466
314.3618	121.0131	2502.5852
314.3623	119.8876	2502.5903
314.0745	117.7417	2504.8087
313.8034	106.9456	2502.6598
313.8056	101.8803	2502.6831
313.5323	97.2925	2500.5096
313.2446	93.4397	2502.7321
313.2456	91.1883	2502.7424
313.2500	80.4939	2502.7918
313.2502	79.9310	2502.7944
312.9769	76.4867	2500.6156
312.9796	69.7380	2500.6469
313.2564	64.7331	2502.8649
313.2566	64.1702	2502.8675
312.9843	57.9273	2500.7018
312.9861	53.4279	2500.7227
312.9880	48.3659	2500.7463
312.9893	44.9913	2500.7620
312.4269	40.4923	2500.7929
312.4273	39.3673	2500.7982
312.7202	31.4642	2498.6342
312.7082	21.9499	2503.0747
312.7090	19.6979	2503.0853
312.4370	13.4925	2500.9195
312.1647	8.9839	2498.7495
312.4402	4.4920	2500.9619
311.8774	0.5540	2500.9903
311.8776	-0.0086	2500.9929
312.1707	-7.8779	2498.8290
312.1723	-12.3745	2498.8503
311.8842	-19.1362	2501.0834
311.8852	-21.9492	2501.0968
311.8861	-24.7622	2501.1101
311.6146	-30.3626	2498.9454
311.9057	-32.5826	2496.7587
311.8897	-35.4519	2501.1610
311.6189	-43.2919	2499.0069
311.6205	-48.3513	2499.0311
311.6216	-51.7244	2499.0472
311.9128	-54.4872	2496.8631
311.6246	-61.2814	2499.0929
311.6257	-64.6546	2499.1091
311.6276	-70.8388	2499.1388
311.9032	-78.2148	2501.3657
311.9034	-78.7775	2501.3684
311.3405	-83.2814	2501.3999
311.6328	-88.2679	2499.2227
311.0724	-100.0777	2499.2894
311.0915	-102.7098	2494.9208
311.0727	-101.2022	2499.2948
311.0758	-111.8858	2499.3466
311.3510	-119.8615	2501.5770
311.0981	-126.2854	2495.0351
311.0810	-131.0048	2499.4396
311.3546	-133.3692	2501.6427
311.0840	-142.2519	2499.4945
311.1019	-140.8808	2495.1063
310.8130	-148.3100	2497.3362
311.0867	-152.9371	2499.5468
310.8163	-161.2338	2497.3996
310.7992	-168.2712	2501.8235
310.7995	-169.3970	2501.8290
311.0937	-181.0579	2499.6850
311.0939	-182.1828	2499.6906
311.1131	-185.7947	2495.3267
311.0958	-190.0572	2499.7295
310.8242	-194.3890	2497.5630
311.0996	-206.9317	2499.8131
310.8279	-210.6871	2497.6438
310.8286	-214.0593	2497.6605
310.8300	-220.2416	2497.6913
310.8312	-225.8621	2497.7193
310.5593	-227.3519	2495.5424
310.8329	-234.2930	2497.7614
310.8334	-236.5413	2497.7726
310.8343	-241.0380	2497.7951
310.8353	-246.0968	2497.8204
310.8363	-251.1557	2497.8458
310.5649	-254.8702	2495.6801
310.8383	-261.2738	2497.8966
310.8384	-261.8360	2497.8994
310.8410	-275.8896	2497.9702
310.8412	-277.0139	2497.9758
310.8421	-282.0734	2498.0014
310.8422	-282.6356	2498.0042
310.9499	-321.4423	2612.7662
310.9303	-320.2649	2617.5620
310.9318	-328.5125	2617.6048
310.6473	-331.7466	2615.2250
310.9333	-336.7602	2617.6477
310.9343	-342.6517	2617.6784
310.9352	-347.3649	2617.7029
310.9361	-352.6674	2617.7306
310.6520	-358.8232	2615.3660
310.6523	-360.5892	2615.3753
310.9383	-366.2187	2617.8014
310.9392	-371.5216	2617.8292
310.9400	-376.2353	2617.8539
310.9406	-380.3599	2617.8756
310.6560	-383.5478	2615.4956
310.6567	-388.2575	2615.5203
310.9426	-393.3234	2617.9438
310.9435	-399.2161	2617.9748
310.6589	-402.9759	2615.5979
310.6597	-408.2747	2615.6258
310.9454	-412.1806	2618.0432
310.9462	-417.4844	2618.0713
310.9471	-423.9670	2618.1056
310.6623	-426.5270	2615.7224
310.6628	-430.6487	2615.7443
310.6635	-435.3593	2615.7693
310.9495	-441.6476	2618.1995
310.9503	-447.5415	2618.2309
311.2551	-450.6587	2615.8376
310.9703	-453.7808	2613.4618
311.2554	-453.0142	2615.8501
310.9704	-454.3692	2613.4649
318.3137	365.9576	2628.5925
318.6092	362.7441	2631.0317
318.6102	360.9700	2631.0396
318.6138	355.0561	2631.0659
318.6163	350.9163	2631.0844
318.3210	344.1419	2633.5582
318.3234	339.9981	2633.5768
318.3262	335.2622	2633.5980
318.3286	331.1183	2633.6165
318.0383	325.4922	2631.2123
318.0407	321.3519	2631.2309
318.9397	316.9119	2623.9467
318.3412	319.2782	2628.8010
317.1874	306.3629	2614.3877
317.4882	301.9676	2611.9996
316.9053	291.4048	2612.0606
316.9057	290.8176	2612.0632
316.9083	286.1199	2612.0844
316.9112	280.8350	2612.1083
316.9134	276.7244	2612.1268
316.6183	269.9289	2614.5655
316.6192	268.1655	2614.5735
316.6233	260.5241	2614.6081
316.6243	258.7607	2614.6161
316.6363	253.0044	2609.8441
316.3473	252.1886	2607.4620
316.6388	248.3105	2609.8654
314.3421	215.9080	2493.3819
315.2000	220.3660	2486.8073
315.4849	221.8468	2484.6234
314.3543	216.6485	2489.0146
315.4589	210.6633	2497.7646
316.5978	203.5573	2493.3968
315.4987	194.4725	2484.7454
314.3794	191.1281	2484.7798
314.0803	189.9530	2491.3190
315.1975	178.0666	2612.6179
314.8991	173.5287	2615.0473
314.9007	170.0007	2615.0636
314.9027	165.8846	2615.0827
315.2053	161.6177	2612.6941
314.9175	160.2968	2610.3096
314.3571	131.7056	2502.5363
314.3583	128.8918	2502.5492
314.3618	121.0131	2502.5852
314.0740	118.8683	2504.8035
314.0745	117.7417	2504.8087
313.8017	110.8852	2502.6417
313.5280	107.4145	2500.4631
313.8058	101.3175	2502.6857
313.2446	93.4397	2502.7321
313.2449	92.8768	2502.7347
313.5363	87.7326	2500.5537
313.2632	83.7228	2498.3814
313.2502	79.9310	2502.7944
312.9796	69.7380	2500.6469
313.2564	64.7331	2502.8649
313.2566	64.1702	2502.8675
312.9845	57.3649	2500.7044
312.9861	53.4279	2500.7227
312.9880	48.3659	2500.7463
312.9896	44.4288	2500.7646
312.4271	39.9298	2500.7955
312.4273	39.3673	2500.7982
312.7082	21.9499	2503.0747
312.7252	17.9763	2498.6974
312.4370	13.4925	2500.9195
312.4402	4.4920	2500.9619
312.1681	-0.5710	2498.7945
312.1695	-4.5054	2498.8131
312.1711	-9.0020	2498.8344
311.8842	-19.1362	2501.0834
311.8852	-21.9492	2501.0968
311.6131	-25.8656	2498.9240
311.6146	-30.3626	2498.9454
311.8895	-34.8893	2501.1583
311.8897	-35.4519	2501.1610
311.6191	-43.8541	2499.0096
311.9112	-49.4321	2496.8390
397.7568	-57.0262	2493.5723
398.1027	-58.1943	2495.7415
393.1014	-70.8333	2547.4280
400.1959	-74.4119	2593.3837
403.4744	-83.8067	2614.6334
403.4777	-91.4321	2614.6688
403.4787	-93.7785	2614.6798
403.8476	-97.9720	2617.0766
403.4822	-101.9908	2614.7182
403.4844	-107.2702	2614.7429
403.8535	-112.0633	2617.1427
403.4884	-116.6562	2614.7871
403.4905	-121.9359	2614.8121
403.1255	-125.3437	2612.4552
403.1276	-130.6188	2612.4802
403.1286	-132.9634	2612.4914
403.1309	-138.8248	2612.5193
403.8666	-144.3583	2617.2959
403.1344	-147.6171	2612.5613
403.1359	-151.7203	2612.5810
403.1382	-157.5821	2612.6091
402.9214	-162.4226	2615.0450
403.5087	-168.2843	2615.0337
403.5096	-170.6312	2615.0450
402.7791	-175.5973	2610.3274
403.1470	-181.0306	2612.7225
403.1489	-186.3067	2612.7482
402.9314	-189.4140	2615.1760
403.1518	-194.5143	2612.7883
402.7884	-201.3692	2610.4531
403.1549	-203.3083	2612.8314
403.1565	-207.9986	2612.8545
402.9412	-217.5817	2615.3144
403.1596	-216.7931	2612.8979
403.1613	-222.0700	2612.9240
403.1619	-223.8290	2612.9327
403.3126	-231.8746	2617.7627
403.3132	-233.6369	2617.7715
402.9478	-237.5356	2615.4135
403.1681	-242.5920	2613.0261
402.9518	-249.8608	2615.4752
402.9536	-255.7302	2615.5047
402.9551	-260.4257	2615.5283
402.8075	-259.3647	2610.7416
402.9574	-268.0562	2615.5669
403.1786	-276.6033	2613.1975
402.9604	-278.0348	2615.6175
403.3288	-283.5722	2618.0230
403.1804	-282.4678	2613.2274
402.9654	-295.0581	2615.7043
402.3091	-301.7714	2623.0034
402.9654	-295.0581	2615.7043
402.3112	-309.4244	2623.0427
402.3124	-313.5454	2623.0640
402.3125	-314.1341	2623.0670
402.3168	-330.0299	2623.1493
402.6839	-329.7380	2625.5385
402.3176	-332.9737	2623.1646
402.5394	-340.8981	2620.7798
402.5396	-341.4863	2620.7829
402.3214	-347.6931	2623.2414
402.6900	-353.3104	2625.6616
402.3237	-357.1140	2623.2908
402.3245	-360.0581	2623.3063
402.5469	-370.8995	2620.9374
402.5470	-371.4878	2620.9405
402.9157	-378.2995	2623.3628
402.9160	-379.4772	2623.3690
402.9166	-381.8326	2623.3815
402.3313	-388.9120	2623.4589
402.3316	-390.0898	2623.4652
402.5539	-401.4929	2621.1000
402.5540	-402.0813	2621.1031
402.5556	-409.1419	2621.1410
402.5560	-410.9070	2621.1504
402.5573	-417.3795	2621.1852
402.9257	-423.0559	2623.6021
402.5597	-428.5595	2621.2455
402.5600	-430.3248	2621.2551
402.5613	-436.7977	2621.2901
402.9296	-442.4921	2623.7073
402.9307	-447.7932	2623.7362
402.9310	-449.5602	2623.7458
402.9317	-453.0944	2623.7651
402.9326	-457.8066	2623.7908
411.0230	364.3114	2636.4474
411.0235	363.7203	2636.4496
410.4407	355.4573	2636.5213
410.8189	353.4144	2638.9480
410.8236	347.4983	2638.9700
410.4538	338.9071	2636.5830
410.4547	337.7249	2636.5874
410.4566	335.3606	2636.5962
410.6240	330.0606	2641.5002
410.8975	315.8501	2631.7625
409.7766	310.8734	2624.5772
410.5239	313.2058	2629.3668
409.7770	310.2850	2624.5794
409.0350	304.4379	2619.8203
409.2501	301.8059	2617.4059
408.0908	286.5667	2617.5442
408.0912	285.9798	2617.5465
408.0964	278.9372	2617.5736
408.0977	277.1766	2617.5804
408.1046	267.7862	2617.6166
408.1050	267.1993	2617.6189
407.8987	256.2877	2620.0860
407.9021	251.5879	2620.1043
407.9050	247.4756	2620.1204
401.7875	217.1324	2500.9220
402.0652	220.8359	2492.1327
402.2198	198.8305	2496.5815
404.1793	203.4450	2505.2308
402.0824	195.6878	2492.2311
401.5270	191.7814	2492.2803
400.5515	185.9706	2496.7340
401.6021	179.7170	2503.2816
402.1723	164.5549	2503.3079
401.2676	156.5647	2501.1966
400.9245	147.4623	2499.0592
401.2764	142.5415	2501.2535
400.7205	135.8141	2501.3150
400.5924	121.0155	2496.9969
400.3861	112.7160	2499.2357
400.3870	111.0345	2499.2427
400.3907	104.8686	2499.2683
400.3933	100.3844	2499.2870
400.3936	99.8238	2499.2893
399.8385	91.9787	2499.3560
400.4010	86.9311	2499.3433
400.4036	82.4466	2499.3621
400.4039	81.8860	2499.3645
399.8496	72.3582	2499.4388
399.8505	70.6763	2499.4459
399.8527	66.7521	2499.4626
399.5133	52.1303	2497.3541
399.5136	51.5701	2497.3565
399.3057	43.2066	2499.5972
399.3078	39.2818	2499.6141
399.0995	30.8995	2501.8591
399.6620	26.4094	2501.8447
399.3168	21.9004	2499.6896
399.3185	18.5361	2499.7042
398.7625	11.2468	2499.7700
398.7636	9.0039	2499.7798
398.7658	4.5178	2499.7995
398.6367	-4.4476	2495.4668
398.6370	-5.0074	2495.4693
398.4302	-17.8984	2497.7276
398.0877	-25.1616	2495.5925
398.0880	-25.7215	2495.5950
398.4404	-39.7515	2497.8255
398.4416	-42.5533	2497.8381
397.7568	-57.0262	2493.5723
397.8895	-58.8062	2497.9454
397.7568	-57.0262	2493.5723
397.8895	-58.8062	2497.9454
400.1959	-74.4119	2593.3837
403.4741	-83.2201	2614.6306
403.6244	-86.8976	2619.4463
403.4779	-92.0187	2614.6716
403.4800	-96.7114	2614.6935
403.4817	-100.8176	2614.7127
403.4837	-105.5104	2614.7347
403.8530	-110.8890	2617.1372
403.4879	-115.4829	2614.7816
403.1229	-118.8964	2612.4247
403.1250	-124.1715	2612.4497
402.9083	-128.9802	2614.8850
403.1286	-132.9634	2612.4914
403.1307	-138.2386	2612.5165
403.1318	-141.1694	2612.5305
403.1341	-147.0310	2612.5585
403.5027	-152.4429	2614.9574
403.2847	-153.7592	2617.3807
402.9212	-161.8358	2615.0422
402.7781	-172.6689	2610.3132
403.1433	-171.0647	2612.6742
403.5096	-170.6312	2615.0450
403.5137	-181.7795	2615.0991
403.1470	-181.0306	2612.7225
403.1493	-187.4792	2612.7539
403.1514	-193.3417	2612.7826
403.1529	-197.4456	2612.8026
402.9349	-199.3897	2615.2248
403.1561	-206.8261	2612.8487
403.1574	-210.3438	2612.8660
403.1592	-215.6205	2612.8921
402.9424	-221.1029	2615.3318
402.9440	-225.7979	2615.3551
403.1641	-230.2786	2612.9647
403.1666	-237.9011	2613.0027
402.9507	-246.3393	2615.4575
402.9514	-248.6870	2615.4693
403.1713	-252.5604	2613.0761
402.8069	-257.6071	2610.7327
402.9556	-262.1866	2615.5372
402.8075	-259.3647	2610.7416
403.3260	-274.1719	2617.9752
403.1786	-276.6033	2613.1975
403.1795	-279.5356	2613.2124
403.1804	-282.4678	2613.2274
402.9639	-289.7749	2615.6773
402.8947	-297.6405	2622.9424
402.9654	-295.0581	2615.7043
402.3110	-308.8357	2623.0397
402.3124	-313.5454	2623.0640
402.3125	-314.1341	2623.0670
402.3168	-330.0299	2623.1493
402.3170	-330.6187	2623.1524
402.5394	-340.8981	2620.7798
402.5396	-341.4863	2620.7829
402.3224	-351.8147	2623.2630
402.3245	-360.0581	2623.3063
402.3256	-364.7687	2623.3311
402.5469	-370.8995	2620.9374
402.5473	-372.6644	2620.9467
402.9166	-381.8326	2623.3815
402.3313	-388.9120	2623.4589
402.3316	-390.0898	2623.4652
402.5539	-401.4929	2621.1000
402.5556	-409.1419	2621.1410
402.5560	-410.9070	2621.1504
402.5569	-415.0258	2621.1726
402.5573	-417.3795	2621.1852
402.5597	-428.5595	2621.2455
402.5600	-430.3248	2621.2551
402.5613	-436.7977	2621.2901
402.9308	-448.3822	2623.7394
402.9317	-453.0944	2623.7651
402.9326	-457.8066	2623.7908
411.0230	364.3114	2636.4474
411.1854	366.7633	2641.3220
411.3994	365.2345	2638.8629
410.8118	362.2884	2638.9151
410.4407	355.4573	2636.5213
410.8241	346.9066	2638.9722
410.4538	338.9071	2636.5830
410.4566	335.3606	2636.5962
410.8975	315.8501	2631.7625
410.4694	318.8096	2636.6585
410.8984	314.6701	2631.7670
410.5244	312.6163	2629.3691
409.2501	301.8059	2617.4059
408.4571	293.8746	2619.9007
408.0908	286.5667	2617.5442
408.0912	285.9798	2617.5465
408.0969	278.3503	2617.5758
408.0977	277.1766	2617.5804
408.1046	267.7862	2617.6166
408.1050	267.1993	2617.6189
407.8991	255.7002	2620.0882
407.9025	251.0004	2620.1066
407.9050	247.4756	2620.1204
412.9439	240.8860	2563.1656
402.0652	220.8359	2492.1327
402.2198	198.8305	2496.5815
402.0824	195.6878	2492.2311
401.5270	191.7814	2492.2803
400.5515	185.9706	2496.7340
402.1723	164.5549	2503.3079
401.2676	156.5647	2501.1966
400.9245	147.4623	2499.0592
400.5924	121.0155	2496.9969
400.3870	111.0345	2499.2427
400.3910	104.3081	2499.2706
400.3933	100.3844	2499.2870
399.8382	92.5393	2499.3537
399.8392	90.8576	2499.3607
400.4010	86.9311	2499.3433
400.4036	82.4466	2499.3621
400.4039	81.8860	2499.3645
399.8496	72.3582	2499.4388
399.8505	70.6763	2499.4459
399.8527	66.7521	2499.4626
399.2988	56.1017	2499.5418
399.5133	52.1303	2497.3541
399.5136	51.5701	2497.3565
399.3057	43.2066	2499.5972
399.3078	39.2818	2499.6141
399.0998	30.3383	2501.8616
399.3168	21.9004	2499.6896
399.3171	21.3397	2499.6920
399.3185	18.5361	2499.7042
398.7625	11.2468	2499.7700
398.7639	8.4431	2499.7823
398.6367	-4.4476	2495.4668
398.6370	-5.0074	2495.4693
398.4302	-17.8984	2497.7276
398.0877	-25.1616	2495.5925
398.0880	-25.7215	2495.5950
398.4344	-26.8636	2497.7676
398.4404	-39.7515	2497.8255
398.4416	-42.5533	2497.8381
398.4459	-52.0795	2497.8812
